#IR optical indices for Grimsvotn, Iceland, Reed_2017
#Total columns = 1898		
#WAVL(μm), N, K
18.93939394	2.5152547	1.2482111
18.90359168	2.4181656	1.2783751
18.86792453	2.3210421	1.2826609
18.83239171	2.2327425	1.2645186
18.79699248	2.1588341	1.2302671
18.76172608	2.1012809	1.1867617
18.72659176	2.0593485	1.1397889
18.69158879	2.0308382	1.0934456
18.65671642	2.0130912	1.0502091
18.62197393	2.0036025	1.0113194
18.58736059	2.0002987	0.9772123
18.5528757	2.0016001	0.94788081
18.51851852	2.0063687	0.92313514
18.48428835	2.013809	0.90277195
18.4501845	2.0233549	0.88667681
18.41620626	2.0345527	0.87487775
18.38235294	2.0469444	0.86755902
18.34862385	2.0599526	0.86503534
18.31501832	2.0727723	0.86768156
18.28153565	2.084283	0.87580935
18.24817518	2.0930056	0.88948402
18.21493625	2.0971468	0.9082855
18.18181818	2.0947873	0.93104911
18.14882033	2.0842618	0.95567926
18.11594203	2.064707	0.97919139
18.08318264	2.0366093	0.99813085
18.05054152	2.0020521	1.009361
18.01801802	1.9644031	1.0109405
17.98561151	1.927487	1.0026532
17.95332136	1.8946198	0.98591797
17.92114695	1.8679497	0.96318221
17.88908766	1.8483009	0.93715534
17.85714286	1.8354255	0.91020764
17.82531194	1.8284326	0.8840701
17.79359431	1.8261977	0.85980223
17.76198934	1.8276508	0.83792299
17.73049645	1.8319249	0.8186021
17.69911504	1.8383904	0.80184131
17.66784452	1.846615	0.78760951
17.6366843	1.8562895	0.77592042
17.6056338	1.8671482	0.76685831
17.57469244	1.8789049	0.76056582
17.54385965	1.8912116	0.75721057
17.51313485	1.9036407	0.75694451
17.48251748	1.9156856	0.75986533
17.45200698	1.9267726	0.76598361
17.42160279	1.9362814	0.77519603
17.39130435	1.9435711	0.78726345
17.36111111	1.9480128	0.80179359
17.33102253	1.9490302	0.81822988
17.30103806	1.9461487	0.83585045
17.27115717	1.9390513	0.85378313
17.24137931	1.9276355	0.87104192
17.21170396	1.912061	0.88658803
17.18213058	1.8927764	0.89941297
17.15265866	1.8705141	0.90863422
17.12328767	1.846247	0.9135885
17.09401709	1.8211109	0.91390513
17.06484642	1.796303	0.90954577
17.03577513	1.772975	0.90080416
17.00680272	1.7521362	0.88826857
16.97792869	1.7345807	0.87275687
16.94915254	1.7208435	0.8552372
16.92047377	1.7111859	0.83674681
16.89189189	1.7056052	0.81831885
16.86340641	1.7038607	0.8009228
16.83501684	1.7055096	0.78542094
16.80672269	1.7099445	0.77253949
16.77852349	1.7164282	0.7628512
16.75041876	1.7241219	0.75676393
16.72240803	1.7321088	0.75450966
16.69449082	1.7394145	0.7561289
16.66666667	1.745032	0.76144783
16.63893511	1.7479586	0.77004919
16.61129568	1.7472533	0.78124375
16.58374793	1.742121	0.79405529
16.55629139	1.7320182	0.80723726
16.52892562	1.7167682	0.81933931
16.50165017	1.6966543	0.8288328
16.47446458	1.6724588	0.83428561
16.44736842	1.6454182	0.83455392
16.42036125	1.6170929	0.82894396
16.39344262	1.5891754	0.817301
16.36661211	1.563283	0.80000583
16.33986928	1.5407832	0.7778881
16.3132137	1.5226796	0.75208771
16.28664495	1.5095679	0.7239008
16.2601626	1.5016507	0.69464004
16.23376623	1.4987936	0.665527
16.20745543	1.5006007	0.63762291
16.18122977	1.5064945	0.61179582
16.15508885	1.515785	0.58871718
16.12903226	1.5277225	0.56887766
16.10305958	1.5415282	0.55261112
16.07717042	1.5564064	0.54011621
16.05136437	1.5715414	0.53146639
16.02564103	1.5860899	0.52660136
16		1.5991782	0.52529605
15.97444089	1.6099247	0.52710956
15.94896332	1.6175031	0.53132757
15.92356688	1.6212604	0.53692799
15.89825119	1.6208799	0.54261456
15.87301587	1.6165416	0.54695885
15.84786054	1.6089957	0.5486506
15.82278481	1.5994732	0.54678432
15.79778831	1.5894278	0.54105747
15.77287066	1.5802064	0.5317804
15.7480315	1.5727884	0.51969891
15.72327044	1.5676882	0.50572822
15.69858713	1.5650173	0.49071943
15.67398119	1.5646311	0.47532992
15.64945227	1.5662812	0.46000099
15.625		1.5697207	0.44500484
15.60062402	1.5747525	0.43051471
15.57632399	1.58123		0.41666522
15.55209953	1.5890348	0.40358768
15.52795031	1.5980498	0.39142022
15.50387597	1.6081394	0.38030079
15.47987616	1.6191422	0.37035293
15.45595054	1.6308737	0.36167213
15.43209877	1.6431355	0.35431682
15.40832049	1.6557268	0.34830475
15.38461538	1.6684556	0.34361415
15.3609831	1.681149	0.34018813
15.33742331	1.6936613	0.33794171
15.31393568	1.7058802	0.33677081
15.29051988	1.7177307	0.33656334
15.26717557	1.7291758	0.33721209
15.24390244	1.7402124	0.33862846
15.22070015	1.7508618	0.34075531
15.19756839	1.7611543	0.34357637
15.17450683	1.7711103	0.34711952
15.15151515	1.780718	0.35145189
15.12859304	1.7899146	0.3566661
15.10574018	1.7985712	0.36285806
15.08295626	1.8064864	0.37009827
15.06024096	1.8133903	0.37839896
15.03759398	1.8189621	0.38768016
15.01501502	1.822862	0.39773945
14.99250375	1.8247805	0.40823207
14.97005988	1.8245009	0.41867111
14.94768311	1.8219673	0.42845776
14.92537313	1.8173418	0.43694748
14.90312966	1.8110287	0.44354698
14.88095238	1.8036476	0.44782226
14.85884101	1.7959532	0.44958713
14.83679525	1.7887175	0.44894369
14.81481481	1.7826065	0.44626143
14.79289941	1.7780837	0.44210276
14.77104874	1.7753605	0.43711828
14.74926254	1.7743976	0.43193838
14.7275405	1.7749476	0.42708212
14.70588235	1.7766265	0.42289499
14.68428781	1.7789991	0.41952066
14.6627566	1.7816673	0.41690896
14.64128843	1.7843469	0.41486033
14.61988304	1.7869171	0.4131019
14.59854015	1.7894251	0.41137887
14.57725948	1.7920418	0.40953405
14.55604076	1.7949838	0.40754709
14.53488372	1.798433	0.40552126
14.5137881	1.8024866	0.40363075
14.49275362	1.807152	0.40205895
14.47178003	1.8123766	0.40095687
14.45086705	1.8180874	0.40043508
14.43001443	1.8242169	0.40058273
14.4092219	1.8307047	0.40149508
14.38848921	1.8374754	0.40329026
14.36781609	1.8444103	0.40610388
14.3472023	1.8513274	0.41006316
14.32664756	1.8579811	0.41525107
14.30615165	1.8640836	0.42167486
14.28571429	1.8693401	0.42925004
14.26533524	1.8734883	0.43780477
14.24501425	1.876329	0.44710299
14.22475107	1.8777403	0.45687898
14.20454545	1.8776724	0.46687281
14.18439716	1.8761247	0.4768571
14.16430595	1.8731111	0.48664798
14.14427157	1.8686205	0.49609649
14.12429379	1.8625743	0.50505402
14.10437236	1.8547957	0.51329758
14.08450704	1.8450265	0.52039755
14.06469761	1.8330762	0.52555256
14.04494382	1.8191772	0.52753544
14.02524544	1.8044302	0.52500185
14.00560224	1.7909141	0.51722655
13.98601399	1.7810931	0.50479887
13.96648045	1.7768249	0.48961869
13.94700139	1.778742	0.47417816
13.9275766	1.786339	0.46076477
13.90820584	1.7984377	0.45107301
13.88888889	1.8136028	0.44621675
13.86962552	1.8303247	0.4469087
13.85041551	1.8469897	0.45361087
13.83125864	1.8617138	0.46653357
13.8121547	1.8721616	0.48537772
13.79310345	1.8756066	0.50875175
13.77410468	1.8696772	0.5334791
13.75515818	1.8539814	0.55468053
13.73626374	1.8314728	0.56765993
13.71742112	1.807471	0.57063002
13.69863014	1.7866642	0.56534554
13.67989056	1.7712348	0.55511504
13.66120219	1.7613388	0.54279197
13.6425648	1.7563369	0.53024529
13.6239782	1.7554708	0.51869062
13.60544218	1.7579707	0.5090317
13.58695652	1.7629909	0.5019708
13.56852103	1.7695915	0.49799435
13.5501355	1.7767725	0.49735933
13.53179973	1.7834961	0.50010842
13.51351351	1.7886563	0.50605396
13.49527665	1.7910607	0.51464967
13.47708895	1.7895833	0.52476601
13.4589502	1.7836082	0.53459201
13.44086022	1.7735793	0.54199143
13.42281879	1.7611399	0.54532215
13.40482574	1.7485511	0.54416492
13.38688086	1.737759	0.53938698
13.36898396	1.7297493	0.53257225
13.35113485	1.7244739	0.52527006
13.33333333	1.7212352	0.51847744
13.31557923	1.7192054	0.51254085
13.29787234	1.7177644	0.50737546
13.28021248	1.7165641	0.50272684
13.26259947	1.7154721	0.49830078
13.24503311	1.7145574	0.49382163
13.22751323	1.7140866	0.48914203
13.21003963	1.7144173	0.48437778
13.19261214	1.7157904	0.47994266
13.17523057	1.7181263	0.47642857
13.15789474	1.7209191	0.47435837
13.14060447	1.7233144	0.47386139
13.12335958	1.7244665	0.4744204
13.1061599	1.7240975	0.47498763
13.08900524	1.7228148	0.47461765
13.07189542	1.7217258	0.47318832
13.05483029	1.721577	0.47148715
13.03780965	1.7222126	0.47057364
13.02083333	1.7227268	0.47105537
13.00390117	1.7219789	0.4727602
12.98701299	1.7190973	0.47475912
12.97016861	1.7139234	0.47560097
12.95336788	1.7073543	0.4738575
12.93661061	1.7012007	0.46898545
12.91989664	1.6972359	0.46190468
12.90322581	1.6959851	0.45451995
12.88659794	1.6963598	0.44833993
12.87001287	1.6966087	0.44327293
12.85347044	1.6959958	0.43767735
12.83697047	1.695808	0.42993767
12.82051282	1.698467	0.42029056
12.80409731	1.7054928	0.41097678
12.78772379	1.7164235	0.40474925
12.77139208	1.7292713	0.40347158
12.75510204	1.7414711	0.40766152
12.7388535	1.750569	0.41659658
12.72264631	1.7546598	0.42852789
12.7064803	1.7527796	0.44094776
12.69035533	1.7452618	0.45105673
12.67427123	1.7338532	0.45649018
12.65822785	1.7213445	0.45613203
12.64222503	1.7106386	0.45061319
12.62626263	1.7035754	0.44203711
12.61034048	1.7002291	0.4328671
12.59445844	1.6992562	0.42459127
12.57861635	1.6991774	0.41709278
12.56281407	1.6997088	0.40932039
12.54705144	1.7019159	0.40084016
12.53132832	1.706901	0.39273301
12.51564456	1.714435	0.38688629
12.5		1.7228549	0.3845915
12.48439451	1.7299782	0.38571767
12.46882793	1.7342047	0.38876172
12.45330012	1.7352966	0.39159409
12.43781095	1.7344325	0.39259264
12.42236025	1.7333568	0.39146766
12.40694789	1.7332421	0.38909721
12.39157373	1.7342117	0.38664146
12.37623762	1.7356456	0.38481843
12.36093943	1.7366939	0.38368325
12.34567901	1.7366876	0.38267686
12.33045623	1.7354893	0.38084023
12.31527094	1.7336794	0.37725044
12.300123	1.7323952	0.37151066
12.28501229	1.7328675	0.36403447
12.26993865	1.7358269	0.35595199
12.25490196	1.7411162	0.34855192
12.23990208	1.7479044	0.34260327
12.22493888	1.7553207	0.33816853
12.21001221	1.762839	0.33496785
12.19512195	1.7701543	0.33268852
12.18026797	1.7770697	0.3308818
12.16545012	1.7837925	0.32894338
12.15066829	1.7910821	0.32663665
12.13592233	1.799661	0.32452414
12.12121212	1.8095359	0.32353918
12.10653753	1.8201469	0.32425094
12.09189843	1.8309769	0.32680529
12.07729469	1.8416454	0.33138937
12.06272618	1.8514466	0.33826715
12.04819277	1.8592834	0.34717676
12.03369434	1.8643964	0.35706139
12.01923077	1.8668941	0.36676221
12.00480192	1.8672361	0.37567991
11.99040767	1.8656188	0.3834231
11.9760479	1.8622477	0.3892821
11.96172249	1.8578734	0.39239989
11.9474313	1.853886	0.3923515
11.93317422	1.8518802	0.38961291
11.91895113	1.852975	0.38555863
11.9047619	1.8572921	0.38196578
11.89060642	1.8639521	0.38021966
11.87648456	1.8717347	0.38085371
11.8623962	1.8796271	0.38385519
11.84834123	1.8867489	0.38890225
11.83431953	1.8926073	0.39520368
11.82033097	1.8976045	0.4021982
11.80637544	1.9020349	0.41051789
11.79245283	1.9046577	0.42086675
11.77856302	1.9036631	0.43218462
11.76470588	1.8987158	0.44215359
11.75088132	1.8910245	0.44905723
11.7370892	1.8820592	0.45216707
11.72332943	1.8733729	0.45111819
11.70960187	1.8669003	0.44631777
11.69590643	1.8640906	0.43942497
11.68224299	1.8649508	0.43258662
11.66861144	1.8681615	0.42712927
11.65501166	1.8723089	0.42289329
11.64144354	1.8770067	0.41896749
11.62790698	1.8828427	0.41472027
11.61440186	1.890931	0.41032232
11.60092807	1.9021407	0.40713218
11.58748552	1.9159673	0.40711746
11.57407407	1.930551	0.4114059
11.56069364	1.9438487	0.41967059
11.54734411	1.9545595	0.43053885
11.53402537	1.9626141	0.44225836
11.52073733	1.9692845	0.45383287
11.50747986	1.9758863	0.46614732
11.49425287	1.9817175	0.48102427
11.48105626	1.9842447	0.49856873
11.46788991	1.9818196	0.51644165
11.45475372	1.9750836	0.53201909
11.4416476	1.965862	0.54386803
11.42857143	1.9563039	0.55180524
11.41552511	1.9480124	0.55701529
11.40250855	1.9411311	0.56094101
11.38952164	1.9352706	0.56417825
11.37656428	1.9301576	0.56710731
11.36363636	1.9251992	0.56975604
11.3507378	1.9203118	0.57139091
11.33786848	1.9164712	0.57169547
11.32502831	1.9145561	0.5715757
11.31221719	1.9142804	0.5723157
11.29943503	1.9145617	0.57437178
11.28668172	1.9146479	0.57726123
11.27395716	1.9145634	0.58038601
11.26126126	1.9147177	0.58360258
11.24859393	1.91542		0.58722214
11.23595506	1.9166963	0.59179264
11.22334456	1.9181545	0.59806505
11.21076233	1.918435	0.6066296
11.19820829	1.9155123	0.61632898
11.18568233	1.9095346	0.62426623
11.17318436	1.9030947	0.62963414
11.16071429	1.8970737	0.63402916
11.14827202	1.890519	0.63763325
11.13585746	1.8838599	0.63932158
11.12347052	1.878718	0.63947848
11.11111111	1.8750479	0.63989236
11.09877913	1.8711613	0.64037057
11.0864745	1.8680678	0.6389541
11.07419712	1.8686776	0.63745686
11.0619469	1.8711425	0.63991895
11.04972376	1.8709397	0.64518334
11.03752759	1.8685674	0.64922335
11.02535832	1.8670059	0.65249318
11.01321586	1.8653812	0.65709965
11.00110011	1.8619304	0.66183703
10.98901099	1.8577958	0.66493078
10.97694841	1.8548343	0.66722953
10.96491228	1.8523578	0.67074317
10.95290252	1.8479765	0.67463578
10.94091904	1.8428252	0.67597893
10.92896175	1.8401672	0.67607068
10.91703057	1.8387828	0.67797046
10.90512541	1.8363619	0.68061802
10.89324619	1.8339203	0.68272508
10.88139282	1.8317429	0.68535665
10.86956522	1.8288152	0.68793067
10.8577633	1.8264937	0.68970277
10.84598698	1.8250955	0.69276013
10.83423619	1.8219391	0.69695775
10.82251082	1.8176187	0.69935473
10.81081081	1.8149033	0.70097905
10.79913607	1.8124096	0.704162
10.78748652	1.8082064	0.70737199
10.77586207	1.8036587	0.70888888
10.76426265	1.8003771	0.70962372
10.75268817	1.7979527	0.7110297
10.74113856	1.7951771	0.71292183
10.72961373	1.7924094	0.71431077
10.71811361	1.7906151	0.71593918
10.70663812	1.7887808	0.71898705
10.69518717	1.7853653	0.72249007
10.68376068	1.7810339	0.72448845
10.67235859	1.7781845	0.72533582
10.66098081	1.776613	0.72785977
10.64962726	1.7731758	0.73178594
10.63829787	1.7684372	0.73395468
10.62699256	1.7651765	0.73538903
10.61571125	1.7618785	0.73823249
10.60445387	1.7570335	0.74062625
10.59322034	1.7525598	0.74156637
10.58201058	1.7490654	0.74274078
10.57082452	1.7452533	0.74447523
10.55966209	1.7409366	0.74589641
10.54852321	1.7365146	0.74688234
10.5374078	1.7319723	0.74727801
10.52631579	1.7279331	0.74678007
10.51524711	1.7250225	0.7461778
10.50420168	1.7225924	0.74618841
10.49317943	1.7201786	0.74641749
10.48218029	1.7179755	0.74687546
10.47120419	1.7153599	0.74755942
10.46025105	1.7126414	0.74701196
10.44932079	1.712349	0.74582777
10.43841336	1.7138706	0.7475358
10.42752868	1.713262	0.75169822
10.41666667	1.7110305	0.75475853
10.40582726	1.7099188	0.75780162
10.3950104	1.7080756	0.76298312
10.38421599	1.7034007	0.76808334
10.37344398	1.697862	0.77075044
10.3626943	1.6940855	0.77239804
10.35196687	1.69105		0.77600173
10.34126163	1.6852169	0.78059511
10.33057851	1.6777055	0.7820618
10.31991744	1.6728068	0.78176226
10.30927835	1.6687837	0.78361405
10.29866117	1.6623632	0.78534893
10.28806584	1.6562616	0.78427873
10.27749229	1.6527482	0.78313774
10.26694045	1.6495482	0.78393155
10.25641026	1.6447212	0.78500622
10.24590164	1.6394357	0.78421871
10.23541453	1.6362656	0.7824198
10.22494888	1.6345434	0.78265112
10.2145046	1.6309466	0.78418865
10.20408163	1.6266036	0.78367816
10.19367992	1.6247675	0.78290213
10.18329939	1.6230314	0.78498646
10.17293998	1.6184548	0.78716962
10.16260163	1.6138123	0.78686859
10.15228426	1.6111059	0.78656302
10.14198783	1.6083765	0.7875072
10.13171226	1.6052132	0.78834139
10.12145749	1.602447	0.78957094
10.11122346	1.5986305	0.79159807
10.1010101	1.5937699	0.79212628
10.09081736	1.5908151	0.79161701
10.08064516	1.5887986	0.79343281
10.07049345	1.5842299	0.79608306
10.06036217	1.579085	0.79626151
10.05025126	1.5762771	0.79627553
10.04016064	1.5734864	0.79868126
10.03009027	1.5683107	0.80153615
10.02004008	1.5620817	0.80246196
10.01001001	1.557157	0.80229951
10		1.5527158	0.80347031
9.99000999	1.5460111	0.80462504
9.98003992	1.5391604	0.80248402
9.970089731	1.5358493	0.79973542
9.960159363	1.5331962	0.80002494
9.950248756	1.5280942	0.80053176
9.940357853	1.5231529	0.79902794
9.930486594	1.5195461	0.79768903
9.920634921	1.515759	0.79650789
9.910802775	1.5130766	0.79462875
9.900990099	1.5119174	0.79449902
9.891196835	1.5091263	0.79621677
9.881422925	1.5051662	0.79650523
9.871668312	1.5030995	0.79678551
9.861932939	1.5004758	0.79994174
9.852216749	1.4944926	0.80295041
9.842519685	1.4880478	0.80328235
9.832841691	1.4830457	0.80323044
9.823182711	1.4778361	0.80398636
9.813542689	1.4716569	0.80432823
9.803921569	1.4654446	0.80357694
9.794319295	1.4599248	0.80241728
9.784735812	1.4545569	0.80155342
9.775171065	1.4487154	0.80041796
9.765625	1.4430408	0.79838897
9.756097561	1.4382375	0.79606248
9.746588694	1.4338728	0.79422316
9.737098345	1.4290357	0.79254439
9.727626459	1.424125	0.78978778
9.718172983	1.4209398	0.78649258
9.708737864	1.4188533	0.78504848
9.699321048	1.4151636	0.78468979
9.689922481	1.4110003	0.78280527
9.68054211	1.4086305	0.78105987
9.671179884	1.405965	0.78130637
9.661835749	1.4016299	0.78133316
9.652509653	1.3977627	0.78037857
9.643201543	1.3944799	0.78048869
9.633911368	1.3899226	0.78133922
9.624639076	1.3846315	0.78164941
9.615384615	1.3787807	0.78229832
9.606147935	1.3707274	0.78211755
9.596928983	1.3626636	0.77847429
9.587727709	1.3578645	0.77392931
9.578544061	1.3539086	0.77167524
9.56937799	1.348282	0.76956081
9.560229446	1.3429023	0.76595339
9.551098376	1.3385909	0.76246492
9.541984733	1.3341746	0.75921463
9.532888465	1.3301861	0.75544949
9.523809524	1.3271067	0.75230137
9.514747859	1.3233447	0.75003674
9.505703422	1.3189627	0.74676344
9.496676163	1.3161335	0.74305262
9.487666034	1.3136543	0.7414621
9.478672986	1.3085609	0.74017341
9.46969697	1.3031158	0.7360324
9.460737938	1.3002621	0.73149403
9.451795841	1.2975369	0.7289297
9.442870633	1.293257	0.72589354
9.433962264	1.2898825	0.72123924
9.425070688	1.2882947	0.7173293
9.416195857	1.2864998	0.71500107
9.407337723	1.2836103	0.71283092
9.398496241	1.2804975	0.70987427
9.389671362	1.2781888	0.70656999
9.380863039	1.2765635	0.70408325
9.372071228	1.2743599	0.70240783
9.36329588	1.2718545	0.70028172
9.35453695	1.2704365	0.69869458
9.345794393	1.2682212	0.69954868
9.337068161	1.2625857	0.70036779
9.328358209	1.2560265	0.69820061
9.319664492	1.2510248	0.69524232
9.310986965	1.2455366	0.69299846
9.302325581	1.2388344	0.68931925
9.293680297	1.2330362	0.68371655
9.285051068	1.2286228	0.67779051
9.276437848	1.224759	0.6717913
9.267840593	1.2216771	0.6653314
9.259259259	1.2197724	0.65900357
9.250693802	1.2184718	0.6532379
9.242144177	1.2176265	0.64762402
9.233610342	1.2177932	0.64244325
9.225092251	1.2184728	0.63873435
9.216589862	1.2182611	0.63605712
9.208103131	1.2175794	0.63303296
9.199632015	1.2176714	0.63045909
9.191176471	1.2169794	0.62976611
9.182736455	1.2135145	0.62864472
9.174311927	1.2099525	0.62451878
9.165902841	1.2091176	0.61999417
9.157509158	1.2087097	0.61770901
9.149130833	1.2065462	0.61567469
9.140767824	1.2044343	0.61221197
9.132420091	1.2036328	0.60907553
9.124087591	1.2024417	0.60723616
9.115770283	1.2000471	0.60518102
9.107468124	1.1976497	0.60221038
9.099181074	1.1957572	0.59919644
9.090909091	1.1937456	0.59639341
9.082652134	1.1915381	0.59328587
9.074410163	1.1896637	0.58985625
9.066183137	1.188133	0.58665223
9.057971014	1.1864597	0.58372609
9.049773756	1.1844551	0.58070357
9.04159132	1.1823407	0.57721951
9.033423668	1.1805601	0.57323692
9.025270758	1.179455	0.56908675
9.017132552	1.1789941	0.5652256
9.009009009	1.1789235	0.56197629
9.00090009	1.1787577	0.55944533
8.992805755	1.1781238	0.55732235
8.984725966	1.1769699	0.55517889
8.976660682	1.1755909	0.55269285
8.968609865	1.1743976	0.54993332
8.960573477	1.1735115	0.54730422
8.952551477	1.1726005	0.54502606
8.944543828	1.1713983	0.54293313
8.936550492	1.1698671	0.54077554
8.928571429	1.1680835	0.5383977
8.920606601	1.1661575	0.5355572
8.912655971	1.164612	0.53212733
8.904719501	1.1639558	0.52872995
8.896797153	1.1636207	0.52622647
8.888888889	1.1625987	0.52416045
8.880994671	1.1612549	0.52156539
8.873114463	1.1604768	0.51880743
8.865248227	1.1597933	0.51672935
8.857395926	1.1583982	0.51473847
8.849557522	1.1569604	0.51206269
8.84173298	1.1562297	0.5094575
8.833922261	1.1552979	0.50764271
8.826125331	1.1534631	0.50553865
8.818342152	1.1519214	0.5023799
8.810572687	1.1515743	0.49937585
8.802816901	1.1513618	0.49751888
8.795074758	1.1503431	0.49606905
8.787346221	1.1489157	0.49428793
8.779631255	1.1475072	0.49240527
8.771929825	1.1458426	0.49053215
8.764241893	1.1439773	0.48824344
8.756567426	1.1424764	0.48554967
8.748906387	1.1414751	0.4830456
8.741258741	1.140524	0.48097071
8.733624454	1.1393693	0.47912059
8.72600349	1.1380416	0.47730673
8.718395815	1.1366224	0.47550406
8.710801394	1.1351796	0.47370217
8.703220191	1.1338231	0.47204158
8.695652174	1.132411	0.47084024
8.688097307	1.1303483	0.47011188
8.680555556	1.1273921	0.46914031
8.673026886	1.1241429	0.46761277
8.665511265	1.1206325	0.46603878
8.658008658	1.1161104	0.4639069
8.650519031	1.1115638	0.45990668
8.643042351	1.1088898	0.45524435
8.635578584	1.1067608	0.45219065
8.628127696	1.1027161	0.44915946
8.620689655	1.0987215	0.44352972
8.613264427	1.0975445	0.43755537
8.605851979	1.0968198	0.43402711
8.598452279	1.0938867	0.43047932
8.591065292	1.0914462	0.42441834
8.583690987	1.0919372	0.41880372
8.576329331	1.0923181	0.41615969
8.568980291	1.0899754	0.41356314
8.561643836	1.0876334	0.40846518
8.554319932	1.0876084	0.40339145
8.547008547	1.0875668	0.40036585
8.53970965	1.0857556	0.3972342
8.532423208	1.0841882	0.39248889
8.52514919	1.0841368	0.38805381
8.517887564	1.0837319	0.38499415
8.510638298	1.0820299	0.38148234
8.503401361	1.0808081	0.37656217
8.49617672	1.0811321	0.3718925
8.488964346	1.0816197	0.36861709
8.481764207	1.0811958	0.36577682
8.474576271	1.0804435	0.36251421
8.467400508	1.079956	0.35928121
8.460236887	1.0792061	0.35648073
8.453085376	1.0778617	0.3535122
8.445945946	1.0765155	0.35005098
8.438818565	1.0754776	0.34672442
8.431703204	1.0739866	0.34386
8.424599832	1.0715682	0.34063766
8.417508418	1.0688374	0.33637872
8.410428932	1.0664681	0.33131343
8.403361345	1.0644908	0.32578316
8.396305626	1.0629452	0.31975861
8.389261745	1.0621229	0.31333446
8.382229673	1.0621839	0.3069666
8.37520938	1.0627648	0.30100592
8.368200837	1.0636063	0.29530099
8.361204013	1.0647613	0.2897703
8.354218881	1.0663447	0.28451753
8.347245409	1.0682181	0.27987597
8.34028357	1.0699497	0.27580553
8.333333333	1.0714316	0.27206414
8.326394671	1.0726128	0.26850013
8.319467554	1.0735589	0.2649639
8.312551953	1.0742739	0.26142044
8.305647841	1.0747954	0.25771412
8.298755187	1.0752457	0.25379243
8.291873964	1.0757526	0.24959811
8.285004143	1.076492	0.24522047
8.278145695	1.0775271	0.24078197
8.271298594	1.0788746	0.23651401
8.26446281	1.0802264	0.23251741
8.257638315	1.0814747	0.22852887
8.250825083	1.0827599	0.22441638
8.244023083	1.0843068	0.22017746
8.23723229	1.086238	0.21609996
8.230452675	1.0883853	0.21235797
8.223684211	1.0906433	0.20909
8.216926869	1.0925851	0.20638171
8.210180624	1.0939081	0.20377694
8.203445447	1.094803	0.20087293
8.196721311	1.095594	0.19752313
8.19000819	1.0965619	0.1938666
8.183306056	1.0977285	0.19005438
8.176614881	1.0991484	0.18617963
8.169934641	1.1007071	0.18236753
8.163265306	1.1023511	0.17847181
8.156606852	1.1042432	0.17448334
8.14995925	1.1064934	0.17047403
8.143322476	1.1092469	0.16671312
8.136696501	1.1122013	0.16354824
8.130081301	1.1150184	0.16082661
8.123476848	1.1176595	0.158478
8.116883117	1.1198516	0.15641214
8.110300081	1.1215575	0.15420014
8.103727715	1.1230672	0.15161548
8.097165992	1.1247111	0.14864798
8.090614887	1.1267211	0.14558393
8.084074373	1.1289596	0.14265204
8.077544426	1.1313877	0.13987016
8.07102502	1.1339067	0.13741186
8.064516129	1.1362677	0.13518507
8.058017728	1.1385197	0.13304436
8.051529791	1.1406287	0.13101633
8.045052293	1.1425704	0.12897133
8.038585209	1.1444172	0.12691849
8.032128514	1.1460713	0.12481013
8.025682183	1.1476076	0.12247268
8.019246191	1.1491539	0.11986908
8.012820513	1.1508673	0.1169494
8.006405124	1.1529534	0.11382473
8		1.1555213	0.11063771
7.993605116	1.1587407	0.10769447
7.987220447	1.1623314	0.10551694
7.98084597	1.1656599	0.10405378
7.974481659	1.1685717	0.10289424
7.96812749	1.1710995	0.10189104
7.961783439	1.1732076	0.10082842
7.955449483	1.1750896	0.099516756
7.949125596	1.1769089	0.097953593
7.942811755	1.178825	0.096141468
7.936507937	1.1809527	0.094230871
7.930214116	1.1832604	0.092284411
7.923930269	1.1858495	0.090349714
7.917656374	1.1886968	0.088611963
7.911392405	1.1917334	0.087074082
7.90513834	1.1950619	0.085881472
7.898894155	1.1984521	0.085331183
7.892659826	1.2015419	0.085312152
7.886435331	1.2043081	0.085656317
7.880220646	1.2066408	0.086403846
7.874015748	1.2083115	0.087395023
7.867820614	1.2092464	0.08839233
7.86163522	1.2093781	0.089118472
7.855459544	1.2088446	0.089151391
7.849293564	1.2080882	0.088239211
7.843137255	1.2075931	0.086464815
7.836990596	1.2076666	0.084153077
7.830853563	1.2083309	0.081686908
7.824726135	1.2094245	0.079269221
7.818608288	1.2108165	0.076966191
7.8125		1.2123995	0.074768539
7.806401249	1.2141784	0.072633503
7.800312012	1.216192	0.070610452
7.794232268	1.2184542	0.068807963
7.788161994	1.22084		0.067415004
7.782101167	1.2230352	0.066412082
7.776049767	1.2249174	0.065541392
7.77000777	1.2265534	0.06463706
7.763975155	1.2280233	0.063615147
7.757951901	1.2293917	0.062441583
7.751937984	1.2307012	0.061032658
7.745933385	1.2321364	0.05929252
7.73993808	1.2339746	0.057317235
7.733952049	1.2363514	0.055438676
7.72797527	1.2390714	0.053960452
7.722007722	1.2418859	0.052885609
7.716049383	1.2447203	0.052179858
7.710100231	1.2474452	0.0518471
7.704160247	1.2499934	0.051748429
7.698229407	1.2524766	0.051885697
7.692307692	1.2548053	0.0524483
7.686395081	1.2566855	0.0534397
7.680491551	1.2578558	0.05466484
7.674597084	1.2581521	0.055698042
7.668711656	1.25789		0.056009249
7.662835249	1.2576879	0.055673638
7.656967841	1.2575522	0.055155577
7.651109411	1.2571179	0.05433268
7.645259939	1.2565881	0.052735623
7.639419404	1.2565315	0.050379461
7.633587786	1.2572494	0.047643855
7.627765065	1.2587968	0.044909474
7.62195122	1.261096	0.042546817
7.61614623	1.2638623	0.040893504
7.610350076	1.2666163	0.040043617
7.604562738	1.2689558	0.03973447
7.598784195	1.2708274	0.039547945
7.593014427	1.2724777	0.039293516
7.587253414	1.2740392	0.039089041
7.581501137	1.2754127	0.038993066
7.575757576	1.2765282	0.03893776
7.57002271	1.2773177	0.038847891
7.56429652	1.277734	0.038517439
7.558578987	1.2779386	0.03770183
7.552870091	1.2782429	0.036313335
7.547169811	1.2789762	0.034470268
7.54147813	1.2803599	0.032492692
7.535795026	1.2823556	0.030816609
7.530120482	1.2846113	0.02973553
7.524454477	1.286708	0.029191447
7.518796992	1.2884568	0.028916157
7.513148009	1.2898529	0.028714343
7.507507508	1.2908738	0.028411878
7.501875469	1.2916421	0.027726287
7.496251874	1.2925508	0.026564717
7.490636704	1.2939129	0.025211597
7.48502994	1.2956979	0.024065267
7.479431563	1.2975982	0.023354024
7.473841555	1.29923		0.022985185
7.468259895	1.3004345	0.022558472
7.462686567	1.3015027	0.021704886
7.457121551	1.3029064	0.020509195
7.451564829	1.3048056	0.0193844
7.446016381	1.307015	0.018661782
7.44047619	1.3092269	0.018460372
7.434944238	1.311119	0.018717043
7.429420505	1.3124192	0.019157513
7.423904974	1.3131089	0.019299079
7.418397626	1.3136121	0.018766944
7.412898443	1.3144905	0.017693841
7.407407407	1.3159429	0.01654153
7.4019245	1.3178144	0.015665226
7.396449704	1.3198576	0.015208123
7.390983001	1.3218436	0.015191023
7.385524372	1.3235475	0.015556446
7.380073801	1.324749	0.016116207
7.374631268	1.3253726	0.016497119
7.369196758	1.3256965	0.016327928
7.36377025	1.3262086	0.015621895
7.358351729	1.3271392	0.014750868
7.352941176	1.3283482	0.014034584
7.347538575	1.3295682	0.013531132
7.342143906	1.3306339	0.013077656
7.336757153	1.3316085	0.012467588
7.331378299	1.332695	0.011671901
7.326007326	1.334001	0.010835235
7.320644217	1.335485	0.010091806
7.315288954	1.3370597	0.009488409
7.30994152	1.3386602	0.009017076
7.304601899	1.3402512	0.008653723
7.299270073	1.3418173	0.008375479
7.293946025	1.3433533	0.008165255
7.288629738	1.344859	0.008011843
7.283321194	1.3463361	0.007909039
7.278020378	1.3477861	0.007854898
7.272727273	1.3492097	0.007851357
7.26744186	1.350605	0.007904119
7.262164125	1.3519651	0.008022493
7.256894049	1.3532747	0.008218312
7.251631617	1.3545046	0.008501974
7.246376812	1.3556064	0.008871773
7.241129616	1.3565148	0.009292539
7.235890014	1.357176	0.009670066
7.23065799	1.3576106	0.009858282
7.225433526	1.3579567	0.009743061
7.220216606	1.3584026	0.009342914
7.215007215	1.3590577	0.008790402
7.209805335	1.3599166	0.008221987
7.204610951	1.3609171	0.007714073
7.199424046	1.3619964	0.007289363
7.194244604	1.36311		0.006943274
7.18907261	1.3642317	0.006662339
7.183908046	1.3653471	0.006432566
7.178750897	1.3664492	0.006242168
7.173601148	1.3675347	0.006081969
7.168458781	1.3686027	0.005945049
7.163323782	1.3696532	0.00582624
7.158196135	1.3706866	0.005721683
7.153075823	1.3717039	0.005628482
7.147962831	1.3727058	0.005544439
7.142857143	1.3736933	0.005467875
7.137758744	1.374667	0.00539749
7.132667618	1.3756277	0.005332268
7.127583749	1.3765761	0.005271407
7.122507123	1.3775128	0.005214266
7.117437722	1.3784383	0.005160328
7.112375533	1.3793532	0.005109173
7.10732054	1.3802578	0.005060455
7.102272727	1.3811527	0.005013888
7.097232079	1.3820381	0.004969234
7.092198582	1.3829144	0.004926292
7.087172218	1.383782	0.004884893
7.082152975	1.3846411	0.004844891
7.077140835	1.3854919	0.004806161
7.072135785	1.3863347	0.004768596
7.067137809	1.3871698	0.004732103
7.062146893	1.3879974	0.004696599
7.05716302	1.3888176	0.004662013
7.052186178	1.3896306	0.004628281
7.04721635	1.3904367	0.004595347
7.042253521	1.3912359	0.00456316
7.037297678	1.3920285	0.004531676
7.032348805	1.3928146	0.004500852
7.027406887	1.3935943	0.004470653
7.02247191	1.3943677	0.004441046
7.01754386	1.3951351	0.004412002
7.012622721	1.3958964	0.004383492
7.007708479	1.3966519	0.004355494
7.00280112	1.3974016	0.004327983
6.99790063	1.3981456	0.004300939
6.993006993	1.398884	0.004274341
6.988120196	1.399617	0.004248173
6.983240223	1.4003446	0.004222416
6.978367062	1.401067	0.004197056
6.973500697	1.4017841	0.004172078
6.968641115	1.4024962	0.004147469
6.963788301	1.4032031	0.004123215
6.958942241	1.4039052	0.004099305
6.954102921	1.4046023	0.004075727
6.949270327	1.4052947	0.004052471
6.944444444	1.4059823	0.004029528
6.93962526	1.4066653	0.004006888
6.93481276	1.4073437	0.003984541
6.93000693	1.4080175	0.00396248
6.925207756	1.4086868	0.003940697
6.920415225	1.4093518	0.003919183
6.915629322	1.4100124	0.003897933
6.910850035	1.4106687	0.003876939
6.906077348	1.4113208	0.003856194
6.901311249	1.4119687	0.003835692
6.896551724	1.4126125	0.003815428
6.891798759	1.4132522	0.003795396
6.887052342	1.4138879	0.00377559
6.882312457	1.4145196	0.003756005
6.877579092	1.4151474	0.003736636
6.872852234	1.4157713	0.003717478
6.868131868	1.4163914	0.003698527
6.863417982	1.4170077	0.003679778
6.858710562	1.4176203	0.003661227
6.854009596	1.4182292	0.00364287
6.849315068	1.4188344	0.003624702
6.844626968	1.4194361	0.003606721
6.83994528	1.4200341	0.003588922
6.835269993	1.4206287	0.003571301
6.830601093	1.4212197	0.003553856
6.825938567	1.4218073	0.003536583
6.821282401	1.4223915	0.003519479
6.816632584	1.4229723	0.00350254
6.811989101	1.4235498	0.003485764
6.80735194	1.4241239	0.003469148
6.802721088	1.4246949	0.003452688
6.798096533	1.4252625	0.003436383
6.793478261	1.425827	0.003420229
6.788866259	1.4263883	0.003404224
6.784260516	1.4269465	0.003388365
6.779661017	1.4275016	0.00337265
6.775067751	1.4280536	0.003357077
6.770480704	1.4286026	0.003341643
6.765899865	1.4291485	0.003326345
6.76132522	1.4296915	0.003311183
6.756756757	1.4302316	0.003296153
6.752194463	1.4307687	0.003281253
6.747638327	1.4313029	0.003266482
6.743088334	1.4318343	0.003251838
6.738544474	1.4323628	0.003237318
6.734006734	1.4328885	0.003222921
6.729475101	1.4334115	0.003208645
6.724949563	1.4339316	0.003194487
6.720430108	1.4344491	0.003180448
6.715916723	1.4349638	0.003166524
6.711409396	1.4354759	0.003152713
6.706908115	1.4359853	0.003139016
6.702412869	1.4364921	0.003125429
6.697923644	1.4369963	0.003111951
6.693440428	1.4374979	0.003098581
6.688963211	1.4379969	0.003085317
6.684491979	1.4384934	0.003072158
6.68002672	1.4389874	0.003059102
6.675567423	1.4394789	0.003046148
6.671114076	1.4399679	0.003033295
6.666666667	1.4404545	0.003020541
6.662225183	1.4409386	0.003007885
6.657789614	1.4414204	0.002995326
6.653359947	1.4418997	0.002982862
6.64893617	1.4423767	0.002970492
6.644518272	1.4428514	0.002958216
6.640106242	1.4433237	0.002946031
6.635700066	1.4437937	0.002933937
6.631299735	1.4442614	0.002921932
6.626905235	1.4447269	0.002910016
6.622516556	1.4451901	0.002898187
6.618133686	1.4456511	0.002886445
6.613756614	1.4461099	0.002874788
6.609385327	1.4465665	0.002863215
6.605019815	1.4470209	0.002851725
6.600660066	1.4474731	0.002840317
6.596306069	1.4479232	0.002828991
6.591957811	1.4483712	0.002817745
6.587615283	1.4488171	0.002806578
6.583278473	1.4492609	0.002795489
6.578947368	1.4497026	0.002784478
6.574621959	1.4501423	0.002773544
6.570302234	1.4505799	0.002762686
6.565988181	1.4510155	0.002751902
6.56167979	1.4514491	0.002741193
6.557377049	1.4518807	0.002730556
6.553079948	1.4523103	0.002719992
6.548788474	1.452738	0.0027095
6.544502618	1.4531637	0.002699079
6.540222368	1.4535875	0.002688727
6.535947712	1.4540093	0.002678445
6.531678641	1.4544293	0.002668231
6.527415144	1.4548474	0.002658086
6.523157208	1.4552636	0.002648007
6.518904824	1.4556779	0.002637994
6.51465798	1.4560904	0.002628048
6.510416667	1.456501	0.002618166
6.506180872	1.4569099	0.002608348
6.501950585	1.4573169	0.002598594
6.497725796	1.4577222	0.002588903
6.493506494	1.4581256	0.002579275
6.489292667	1.4585273	0.002569708
6.485084306	1.4589273	0.002560202
6.4808814	1.4593255	0.002550756
6.476683938	1.459722	0.00254137
6.472491909	1.4601167	0.002532044
6.468305304	1.4605098	0.002522776
6.464124111	1.4609011	0.002513566
6.45994832	1.4612908	0.002504413
6.455777921	1.4616788	0.002495317
6.451612903	1.4620652	0.002486278
6.447453256	1.4624499	0.002477295
6.443298969	1.462833	0.002468366
6.439150032	1.4632145	0.002459493
6.435006435	1.4635943	0.002450673
6.430868167	1.4639726	0.002441907
6.426735219	1.4643492	0.002433194
6.422607579	1.4647243	0.002424534
6.418485237	1.4650978	0.002415926
6.414368185	1.4654698	0.00240737
6.41025641	1.4658402	0.002398865
6.406149904	1.4662091	0.00239041
6.402048656	1.4665765	0.002382006
6.397952655	1.4669423	0.002373651
6.393861893	1.4673067	0.002365346
6.389776358	1.4676695	0.002357089
6.385696041	1.4680309	0.002348881
6.381620932	1.4683908	0.002340721
6.37755102	1.4687492	0.002332608
6.373486297	1.4691062	0.002324543
6.369426752	1.4694617	0.002316524
6.365372374	1.4698158	0.002308551
6.361323155	1.4701685	0.002300624
6.357279085	1.4705197	0.002292742
6.353240152	1.4708696	0.002284906
6.349206349	1.471218	0.002277114
6.345177665	1.4715651	0.002269366
6.34115409	1.4719108	0.002261662
6.337135615	1.4722551	0.002254001
6.333122229	1.472598	0.002246384
6.329113924	1.4729396	0.002238809
6.325110689	1.4732798	0.002231277
6.321112516	1.4736187	0.002223786
6.317119394	1.4739563	0.002216337
6.313131313	1.4742926	0.00220893
6.309148265	1.4746275	0.002201563
6.30517024	1.4749612	0.002194237
6.301197227	1.4752935	0.002186951
6.297229219	1.4756246	0.002179705
6.293266205	1.4759544	0.002172498
6.289308176	1.4762829	0.002165331
6.285355123	1.4766101	0.002158203
6.281407035	1.4769361	0.002151113
6.277463905	1.4772608	0.002144061
6.273525721	1.4775843	0.002137047
6.269592476	1.4779066	0.002130071
6.26566416	1.4782276	0.002123132
6.261740764	1.4785475	0.002116231
6.257822278	1.4788661	0.002109366
6.253908693	1.4791835	0.002102537
6.25		1.4794997	0.002095744
6.24609619	1.4798147	0.002088988
6.242197253	1.4801286	0.002082266
6.238303182	1.4804412	0.00207558
6.234413965	1.4807527	0.002068929
6.230529595	1.4810631	0.002062313
6.226650062	1.4813722	0.002055731
6.222775358	1.4816803	0.002049184
6.218905473	1.4819872	0.00204267
6.215040398	1.4822929	0.00203619
6.211180124	1.4825976	0.002029743
6.207324643	1.4829011	0.002023329
6.203473945	1.4832035	0.002016948
6.199628022	1.4835048	0.0020106
6.195786865	1.483805	0.002004284
6.191950464	1.4841041	0.001998
6.188118812	1.4844021	0.001991748
6.184291899	1.484699	0.001985528
6.180469716	1.4849949	0.001979339
6.176652254	1.4852896	0.001973181
6.172839506	1.4855834	0.001967054
6.169031462	1.485876	0.001960957
6.165228113	1.4861676	0.001954891
6.161429452	1.4864582	0.001948856
6.157635468	1.4867477	0.00194285
6.153846154	1.4870362	0.001936874
6.150061501	1.4873237	0.001930928
6.1462815	1.4876101	0.00192501
6.142506143	1.4878955	0.001919122
6.138735421	1.4881799	0.001913263
6.134969325	1.4884633	0.001907433
6.131207848	1.4887457	0.001901631
6.12745098	1.4890271	0.001895857
6.123698714	1.4893076	0.001890111
6.11995104	1.489587	0.001884393
6.116207951	1.4898655	0.001878703
6.112469438	1.490143	0.001873041
6.108735492	1.4904195	0.001867405
6.105006105	1.490695	0.001861797
6.101281269	1.4909696	0.001856215
6.097560976	1.4912433	0.00185066
6.093845216	1.491516	0.001845132
6.090133983	1.4917878	0.00183963
6.086427267	1.4920586	0.001834154
6.082725061	1.4923285	0.001828704
6.079027356	1.4925975	0.001823279
6.075334143	1.4928655	0.001817881
6.071645416	1.4931326	0.001812507
6.067961165	1.4933989	0.001807159
6.064281383	1.4936642	0.001801836
6.060606061	1.4939286	0.001796538
6.056935191	1.4941921	0.001791264
6.053268765	1.4944547	0.001786015
6.049606776	1.4947165	0.001780791
6.045949214	1.4949773	0.00177559
6.042296073	1.4952373	0.001770414
6.038647343	1.4954964	0.001765261
6.035003018	1.4957546	0.001760132
6.031363088	1.496012	0.001755027
6.027727547	1.4962685	0.001749945
6.024096386	1.4965242	0.001744886
6.020469597	1.496779	0.00173985
6.016847172	1.4970329	0.001734838
6.013229104	1.497286	0.001729848
6.009615385	1.4975383	0.00172488
6.006006006	1.4977898	0.001719935
6.00240096	1.4980404	0.001715013
5.99880024	1.4982902	0.001710112
5.995203837	1.4985391	0.001705234
5.991611744	1.4987873	0.001700377
5.988023952	1.4990346	0.001695542
5.984440455	1.4992811	0.001690729
5.980861244	1.4995269	0.001685937
5.977286312	1.4997718	0.001681166
5.973715651	1.5000159	0.001676417
5.970149254	1.5002593	0.001671689
5.966587112	1.5005018	0.001666981
5.963029219	1.5007436	0.001662294
5.959475566	1.5009845	0.001657628
5.955926147	1.5012247	0.001652983
5.952380952	1.5014642	0.001648357
5.948839976	1.5017028	0.001643752
5.94530321	1.5019407	0.001639167
5.941770648	1.5021779	0.001634602
5.93824228	1.5024143	0.001630057
5.934718101	1.5026499	0.001625532
5.931198102	1.5028848	0.001621026
5.927682276	1.5031189	0.00161654
5.924170616	1.5033523	0.001612073
5.920663114	1.5035849	0.001607625
5.917159763	1.5038168	0.001603196
5.913660556	1.504048	0.001598787
5.910165485	1.5042785	0.001594396
5.906674542	1.5045082	0.001590024
5.903187721	1.5047372	0.00158567
5.899705015	1.5049655	0.001581335
5.896226415	1.505193	0.001577019
5.892751915	1.5054199	0.001572721
5.889281508	1.505646	0.001568441
5.885815185	1.5058715	0.001564179
5.882352941	1.5060962	0.001559935
5.878894768	1.5063203	0.001555709
5.875440658	1.5065436	0.0015515
5.871990605	1.5067663	0.001547309
5.868544601	1.5069883	0.001543136
5.865102639	1.5072096	0.00153898
5.861664713	1.5074302	0.001534842
5.858230814	1.5076501	0.001530721
5.854800937	1.5078694	0.001526616
5.851375073	1.508088	0.001522529
5.847953216	1.5083059	0.001518459
5.844535359	1.5085231	0.001514405
5.841121495	1.5087397	0.001510369
5.837711617	1.5089557	0.001506348
5.834305718	1.5091709	0.001502345
5.83090379	1.5093855	0.001498357
5.827505828	1.5095995	0.001494386
5.824111823	1.5098128	0.001490432
5.820721769	1.5100255	0.001486493
5.81733566	1.5102376	0.001482571
5.813953488	1.510449	0.001478664
5.810575247	1.5106597	0.001474773
5.807200929	1.5108699	0.001470898
5.803830528	1.5110794	0.001467038
5.800464037	1.5112882	0.001463195
5.797101449	1.5114965	0.001459366
5.793742758	1.5117041	0.001455553
5.790387956	1.5119111	0.001451755
5.787037037	1.5121175	0.001447973
5.783689994	1.5123233	0.001444206
5.780346821	1.5125285	0.001440453
5.77700751	1.5127331	0.001436716
5.773672055	1.512937	0.001432993
5.77034045	1.5131404	0.001429285
5.767012687	1.5133432	0.001425592
5.763688761	1.5135453	0.001421914
5.760368664	1.5137469	0.00141825
5.757052389	1.5139479	0.0014146
5.753739931	1.5141483	0.001410965
5.750431282	1.5143481	0.001407344
5.747126437	1.5145473	0.001403738
5.743825388	1.514746	0.001400145
5.740528129	1.514944	0.001396567
5.737234653	1.5151415	0.001393002
5.733944954	1.5153384	0.001389452
5.730659026	1.5155348	0.001385915
5.727376861	1.5157306	0.001382392
5.724098454	1.5159258	0.001378882
5.720823799	1.5161204	0.001375386
5.717552887	1.5163145	0.001371904
5.714285714	1.5165081	0.001368435
5.711022273	1.516701	0.00136498
5.707762557	1.5168935	0.001361537
5.70450656	1.5170853	0.001358108
5.701254276	1.5172767	0.001354692
5.698005698	1.5174675	0.001351289
5.69476082	1.5176577	0.0013479
5.691519636	1.5178474	0.001344523
5.688282139	1.5180365	0.001341159
5.685048323	1.5182252	0.001337807
5.681818182	1.5184133	0.001334469
5.678591709	1.5186008	0.001331143
5.675368899	1.5187878	0.00132783
5.672149745	1.5189743	0.001324529
5.66893424	1.5191603	0.00132124
5.66572238	1.5193458	0.001317964
5.662514156	1.5195307	0.001314701
5.659309564	1.5197151	0.001311449
5.656108597	1.519899	0.00130821
5.652911249	1.5200824	0.001304983
5.649717514	1.5202652	0.001301768
5.646527386	1.5204476	0.001298565
5.643340858	1.5206294	0.001295374
5.640157924	1.5208108	0.001292194
5.636978579	1.5209916	0.001289027
5.633802817	1.521172	0.001285871
5.630630631	1.5213518	0.001282727
5.627462015	1.5215311	0.001279595
5.624296963	1.52171		0.001276474
5.621135469	1.5218883	0.001273364
5.617977528	1.5220662	0.001270266
5.614823133	1.5222436	0.00126718
5.611672278	1.5224205	0.001264105
5.608524958	1.5225969	0.001261041
5.605381166	1.5227728	0.001257988
5.602240896	1.5229482	0.001254946
5.599104143	1.5231232	0.001251916
5.595970901	1.5232977	0.001248896
5.592841163	1.5234717	0.001245887
5.589714925	1.5236452	0.00124289
5.586592179	1.5238182	0.001239903
5.58347292	1.5239908	0.001236927
5.580357143	1.524163	0.001233962
5.577244841	1.5243346	0.001231007
5.574136009	1.5245058	0.001228063
5.571030641	1.5246765	0.00122513
5.567928731	1.5248468	0.001222207
5.564830273	1.5250166	0.001219295
5.561735261	1.525186	0.001216393
5.558643691	1.5253549	0.001213502
5.555555556	1.5255233	0.00121062
5.55247085	1.5256913	0.00120775
5.549389567	1.5258589	0.001204889
5.546311703	1.526026	0.001202038
5.543237251	1.5261927	0.001199198
5.540166205	1.5263589	0.001196368
5.53709856	1.5265247	0.001193547
5.534034311	1.52669		0.001190737
5.530973451	1.5268549	0.001187937
5.527915976	1.5270193	0.001185146
5.524861878	1.5271834	0.001182365
5.521811154	1.527347	0.001179594
5.518763797	1.5275101	0.001176833
5.515719801	1.5276728	0.001174081
5.512679162	1.5278351	0.00117134
5.509641873	1.527997	0.001168607
5.50660793	1.5281585	0.001165884
5.503577325	1.5283195	0.001163171
5.500550055	1.5284801	0.001160467
5.497526113	1.5286403	0.001157773
5.494505495	1.5288001	0.001155087
5.491488193	1.5289594	0.001152412
5.488474204	1.5291183	0.001149745
5.485463522	1.5292769	0.001147088
5.48245614	1.529435	0.001144439
5.479452055	1.5295927	0.0011418
5.47645126	1.52975		0.00113917
5.473453749	1.5299068	0.001136549
5.470459519	1.5300633	0.001133937
5.467468562	1.5302194	0.001131334
5.464480874	1.5303751	0.00112874
5.46149645	1.5305304	0.001126155
5.458515284	1.5306852	0.001123579
5.45553737	1.5308397	0.001121011
5.452562704	1.5309938	0.001118452
5.449591281	1.5311475	0.001115902
5.446623094	1.5313008	0.00111336
5.443658138	1.5314537	0.001110827
5.440696409	1.5316062	0.001108303
5.437737901	1.5317583	0.001105787
5.434782609	1.53191		0.00110328
5.431830527	1.5320614	0.001100781
5.42888165	1.5322123	0.00109829
5.425935974	1.5323629	0.001095808
5.422993492	1.5325131	0.001093335
5.420054201	1.532663	0.001090869
5.417118093	1.5328124	0.001088412
5.414185165	1.5329615	0.001085963
5.411255411	1.5331102	0.001083522
5.408328826	1.5332585	0.001081089
5.405405405	1.5334064	0.001078665
5.402485143	1.533554	0.001076248
5.399568035	1.5337012	0.00107384
5.396654074	1.533848	0.001071439
5.393743258	1.5339945	0.001069047
5.39083558	1.5341406	0.001066662
5.387931034	1.5342863	0.001064286
5.385029618	1.5344317	0.001061917
5.382131324	1.5345767	0.001059556
5.379236148	1.5347213	0.001057202
5.376344086	1.5348656	0.001054857
5.373455132	1.5350096	0.001052519
5.37056928	1.5351531	0.001050189
5.367686527	1.5352964	0.001047866
5.364806867	1.5354392	0.001045552
5.361930295	1.5355817	0.001043244
5.359056806	1.5357239	0.001040944
5.356186395	1.5358657	0.001038652
5.353319058	1.5360072	0.001036367
5.350454789	1.5361483	0.00103409
5.347593583	1.536289	0.00103182
5.344735436	1.5364295	0.001029557
5.341880342	1.5365695	0.001027302
5.339028297	1.5367093	0.001025054
5.336179296	1.5368487	0.001022813
5.333333333	1.5369877	0.001020579
5.330490405	1.5371265	0.001018353
5.327650506	1.5372648	0.001016134
5.324813632	1.5374029	0.001013922
5.321979776	1.5375406	0.001011717
5.319148936	1.5376779	0.001009519
5.316321106	1.537815	0.001007328
5.313496281	1.5379517	0.001005144
5.310674456	1.5380881	0.001002967
5.307855626	1.5382241	0.001000797
5.305039788	1.5383598	0.000998634
5.302226935	1.5384952	0.000996478
5.299417064	1.5386303	0.000994329
5.296610169	1.538765	0.000992187
5.293806247	1.5388995	0.000990051
5.291005291	1.5390336	0.000987922
5.288207298	1.5391673	0.0009858
5.285412262	1.5393008	0.000983685
5.28262018	1.5394339	0.000981576
5.279831045	1.5395667	0.000979474
5.277044855	1.5396992	0.000977378
5.274261603	1.5398314	0.00097529
5.271481286	1.5399633	0.000973207
5.268703899	1.5400949	0.000971132
5.265929437	1.5402261	0.000969062
5.263157895	1.540357	0.000966999
5.260389269	1.5404877	0.000964943
5.257623554	1.540618	0.000962893
5.254860746	1.540748	0.00096085
5.25210084	1.5408777	0.000958813
5.249343832	1.5410071	0.000956782
5.246589717	1.5411362	0.000954757
5.24383849	1.541265	0.000952739
5.241090147	1.5413934	0.000950727
5.238344683	1.5415216	0.000948721
5.235602094	1.5416495	0.000946722
5.232862376	1.5417771	0.000944729
5.230125523	1.5419044	0.000942741
5.227391532	1.5420313	0.00094076
5.224660397	1.542158	0.000938785
5.221932115	1.5422844	0.000936816
5.219206681	1.5424105	0.000934854
5.21648409	1.5425363	0.000932897
5.213764338	1.5426618	0.000930946
5.211047421	1.5427871	0.000929001
5.208333333	1.542912	0.000927062
5.205622072	1.5430366	0.000925129
5.202913632	1.543161	0.000923202
5.200208008	1.5432851	0.000921281
5.197505198	1.5434088	0.000919366
5.194805195	1.5435323	0.000917456
5.192107996	1.5436555	0.000915553
5.189413596	1.5437785	0.000913655
5.186721992	1.5439011	0.000911762
5.184033178	1.5440235	0.000909876
5.18134715	1.5441455	0.000907995
5.178663905	1.5442673	0.00090612
5.175983437	1.5443889	0.000904251
5.173305742	1.5445101	0.000902387
5.170630817	1.5446311	0.000900529
5.167958656	1.5447518	0.000898676
5.165289256	1.5448722	0.000896829
5.162622612	1.5449923	0.000894988
5.15995872	1.5451122	0.000893152
5.157297576	1.5452318	0.000891321
5.154639175	1.5453511	0.000889496
5.151983514	1.5454702	0.000887677
5.149330587	1.5455889	0.000885863
5.146680391	1.5457075	0.000884054
5.144032922	1.5458257	0.000882251
5.141388175	1.5459437	0.000880453
5.138746146	1.5460614	0.00087866
5.136106831	1.5461788	0.000876873
5.133470226	1.546296	0.000875091
5.130836326	1.5464129	0.000873314
5.128205128	1.5465296	0.000871543
5.125576627	1.546646	0.000869776
5.12295082	1.5467621	0.000868015
5.120327701	1.546878	0.000866259
5.117707267	1.5469936	0.000864509
5.115089514	1.547109	0.000862763
5.112474438	1.5472241	0.000861023
5.109862034	1.5473389	0.000859288
5.107252298	1.5474535	0.000857557
5.104645227	1.5475678	0.000855832
5.102040816	1.5476819	0.000854112
5.099439062	1.5477957	0.000852397
5.096839959	1.5479093	0.000850687
5.094243505	1.5480226	0.000848982
5.091649695	1.5481357	0.000847282
5.089058524	1.5482485	0.000845587
5.08646999	1.5483611	0.000843897
5.083884087	1.5484734	0.000842212
5.081300813	1.5485855	0.000840531
5.078720163	1.5486973	0.000838856
5.076142132	1.5488089	0.000837185
5.073566717	1.5489202	0.000835519
5.070993915	1.5490313	0.000833858
5.06842372	1.5491421	0.000832202
5.06585613	1.5492528	0.00083055
5.063291139	1.5493631	0.000828904
5.060728745	1.5494732	0.000827262
5.058168943	1.5495831	0.000825624
5.055611729	1.5496927	0.000823992
5.0530571	1.5498021	0.000822364
5.050505051	1.5499113	0.000820741
5.047955578	1.5500202	0.000819122
5.045408678	1.5501289	0.000817508
5.042864347	1.5502374	0.000815899
5.040322581	1.5503456	0.000814294
5.037783375	1.5504536	0.000812694
5.035246727	1.5505613	0.000811098
5.032712632	1.5506688	0.000809507
5.030181087	1.5507761	0.000807921
5.027652086	1.5508832	0.000806339
5.025125628	1.55099		0.000804761
5.022601708	1.5510966	0.000803188
5.020080321	1.5512029	0.000801619
5.017561465	1.551309	0.000800055
5.015045135	1.5514149	0.000798495
5.012531328	1.5515206	0.00079694
5.01002004	1.5516261	0.000795389
5.007511267	1.5517313	0.000793842
5.005005005	1.5518363	0.0007923
5.002501251	1.5519411	0.000790762
5		1.5520456	0.000789229
4.989999791	1.5524624	0.000783125
4.980000071	1.5528773	0.000777065
4.969999838	1.5532903	0.000771048
4.960000079	1.5537015	0.000765075
4.949999804	1.5541108	0.000759145
4.939999995	1.5545183	0.000753257
4.929999917	1.5549239	0.000747412
4.920000061	1.5553277	0.000741608
4.909999946	1.5557297	0.000735846
4.900000064	1.5561299	0.000730124
4.88999994	1.5565283	0.000724444
4.880000066	1.556925	0.000718804
4.869999977	1.5573198	0.000713204
4.860000162	1.5577129	0.000707644
4.84999993	1.5581043	0.000702124
4.84000024	1.5584939	0.000696643
4.829999941	1.5588818	0.0006912
4.820000225	1.559268	0.000685797
4.809999951	1.5596524	0.000680431
4.800000077	1.5600352	0.000675103
4.789999936	1.5604163	0.000669814
4.78000025	1.5607957	0.000664561
4.769999906	1.5611734	0.000659346
4.760000308	1.5615494	0.000654167
4.749999905	1.5619239	0.000649025
4.739999868	1.5622966	0.000643919
4.730000011	1.5626678	0.000638849
4.719999705	1.5630373	0.000633815
4.710000112	1.5634052	0.000628816
4.699999723	1.5637714	0.000623852
4.690000136	1.5641361	0.000618923
4.679999861	1.5644992	0.000614029
4.67000005	1.5648607	0.000609169
4.659999884	1.5652207	0.000604343
4.650000074	1.5655791	0.000599551
4.639999814	1.5659359	0.000594793
4.63000003	1.5662912	0.000590068
4.619999924	1.5666449	0.000585375
4.610000206	1.5669971	0.000580716
4.59999988	1.5673478	0.000576089
4.590000079	1.567697	0.000571495
4.580000028	1.5680446	0.000566933
4.570000224	1.5683908	0.000562402
4.559999909	1.5687355	0.000557903
4.550000202	1.5690786	0.000553436
4.539999942	1.5694204	0.000549
4.530000244	1.5697606	0.000544595
4.51999996	1.5700994	0.00054022
4.510000204	1.5704367	0.000535876
4.500000045	1.5707726	0.000531562
4.489999783	1.5711071	0.000527278
4.480000115	1.5714401	0.000523024
4.47000033	1.5717717	0.0005188
4.460000132	1.5721018	0.000514604
4.449999824	1.5724306	0.000510438
4.440000103	1.572758	0.000506302
4.429999888	1.5730839	0.000502194
4.420000076	1.5734085	0.000498114
4.409999798	1.5737317	0.000494063
4.400000141	1.5740535	0.00049004
4.389999861	1.574374	0.000486045
4.380000044	1.5746931	0.000482078
4.369999846	1.5750108	0.000478138
4.360000155	1.5753272	0.000474226
4.349999952	1.5756423	0.000470341
4.340000123	1.575956	0.000466483
4.329999854	1.5762684	0.000462651
4.320000214	1.5765794	0.000458847
4.310000028	1.5768892	0.000455068
4.300000176	1.5771976	0.000451316
4.289999873	1.5775048	0.00044759
4.28000018	1.5778106	0.000443891
4.269999954	1.5781152	0.000440216
4.260000255	1.5784184	0.000436568
4.249999958	1.5787204	0.000432944
4.239999759	1.5790211	0.000429346
4.229999989	1.5793206	0.000425773
4.220000261	1.5796187	0.000422225
4.210000021	1.5799157	0.000418701
4.19999979	1.5802114	0.000415202
4.190000079	1.5805058	0.000411727
4.179999821	1.580799	0.000408277
4.17000006	1.581091	0.00040485
4.15999992	1.5813817	0.000401447
4.150000093	1.5816712	0.000398068
4.139999892	1.5819595	0.000394713
4.130000181	1.5822466	0.000391381
4.119999942	1.5825325	0.000388072
4.11000021	1.5828172	0.000384787
4.099999984	1.5831007	0.000381524
4.090000126	1.583383	0.000378284
4.079999987	1.5836641	0.000375066
4.070000094	1.5839441	0.000371871
4.059999979	1.5842228	0.000368699
4.050000168	1.5845004	0.000365548
4.04000004	1.5847769	0.00036242
4.030000289	1.5850522	0.000359313
4.019999982	1.5853263	0.000356228
4.010000299	1.5855993	0.000353165
4		1.5858711	0.000350124
3.989999943	1.5861418	0.000347103
3.980000022	1.5864114	0.000344104
3.969999981	1.5866798	0.000341126
3.96000004	1.5869472	0.000338169
3.950000109	1.5872134	0.000335232
3.940000102	1.5874784	0.000332316
3.930000096	1.5877424	0.000329421
3.920000013	1.5880053	0.000326546
3.909999781	1.5882671	0.000323691
3.900000098	1.5885278	0.000320857
3.88999983	1.5887874	0.000318042
3.880000132	1.5890458	0.000315247
3.869999892	1.5893033	0.000312472
3.860000112	1.5895596	0.000309717
3.849999848	1.5898149	0.000306981
3.840000098	1.5900691	0.000304264
3.829999938	1.5903222	0.000301567
3.820000215	1.5905743	0.000298888
3.809999878	1.5908254	0.000296229
3.800000213	1.5910753	0.000293589
3.789999896	1.5913243	0.000290967
3.779999922	1.5915721	0.000288364
3.769999991	1.591819	0.000285779
3.759999955	1.5920648	0.000283213
3.749999953	1.5923096	0.000280665
3.739999988	1.5925534	0.000278136
3.730000066	1.5927961	0.000275624
3.72000006	1.5930378	0.000273131
3.709999986	1.5932785	0.000270655
3.700000004	1.5935182	0.000268197
3.69		1.5937569	0.000265756
3.680000006	1.5939946	0.000263333
3.670000054	1.5942313	0.000260927
3.66000005	1.594467	0.000258539
3.650000037	1.5947017	0.000256168
3.63999993	1.5949354	0.000253814
3.63000018	1.5951681	0.000251477
3.61999992	1.5953999	0.000249156
3.610000134	1.5956307	0.000246853
3.599999842	1.5958605	0.000244566
3.590000155	1.5960893	0.000242296
3.579999986	1.5963172	0.000240042
3.570000189	1.5965441	0.000237805
3.559999954	1.5967701	0.000235583
3.550000137	1.5969951	0.000233378
3.539999946	1.5972192	0.000231189
3.530000237	1.5974423	0.000229016
3.519999989	1.5976644	0.000226859
3.509999937	1.5978857	0.000224717
3.499999948	1.5981059	0.000222591
3.490000016	1.5983253	0.000220481
3.480000022	1.5985437	0.000218386
3.469999976	1.5987612	0.000216307
3.460000012	1.5989778	0.000214243
3.450000029	1.5991935	0.000212194
3.440000052	1.5994082	0.00021016
3.430000112	1.599622	0.000208141
3.420000127	1.599835	0.000206137
3.410000139	1.600047	0.000204148
3.400000082	1.6002581	0.000202174
3.389999894	1.6004683	0.000200214
3.380000093	1.6006776	0.000198269
3.36999983	1.600886	0.000196338
3.360000086	1.6010936	0.000194422
3.349999918	1.6013002	0.00019252
3.340000196	1.601506	0.000190632
3.329999892	1.6017108	0.000188759
3.320000212	1.6019148	0.000186899
3.30999993	1.602118	0.000185053
3.300000142	1.6023202	0.000183222
3.289999976	1.6025216	0.000181404
3.280000202	1.6027221	0.000179599
3.269999974	1.6029218	0.000177809
3.25999996	1.6031206	0.000176032
3.249999976	1.6033185	0.000174268
3.240000056	1.6035156	0.000172518
3.230000034	1.6037118	0.000170781
3.220000064	1.6039072	0.000169057
3.209999997	1.6041017	0.000167347
3.2		1.6042954	0.000165649
3.190000039	1.6044882	0.000163965
3.180000089	1.6046802	0.000162293
3.170000033	1.6048714	0.000160634
3.160000062	1.6050618	0.000158988
3.150000074	1.6052513	0.000157355
3.139999878	1.60544		0.000155734
3.130000077	1.6056278	0.000154126
3.119999908	1.6058149	0.000152531
3.110000178	1.6060011	0.000150947
3.099999857	1.6061865	0.000149376
3.090000148	1.6063711	0.000147818
3.079999949	1.6065548	0.000146271
3.070000179	1.6067378	0.000144737
3.059999959	1.60692		0.000143214
3.050000209	1.6071013	0.000141704
3.039999985	1.6072819	0.000140205
3.030000214	1.6074616	0.000138718
3.01999998	1.6076406	0.000137243
3.010000033	1.6078188	0.00013578
3.00000003	1.6079961	0.000134328
2.990000005	1.6081727	0.000132888
2.979999998	1.6083485	0.000131459
2.970000059	1.6085235	0.000130041
2.960000069	1.6086977	0.000128635
2.950000007	1.6088712	0.000127241
2.940000038	1.6090439	0.000125857
2.930000071	1.6092158	0.000124485
2.920000114	1.6093869	0.000123123
2.910000099	1.6095573	0.000121773
2.900000136	1.6097268	0.000120433
2.890000094	1.6098957	0.000119105
2.880000101	1.6100637	0.000117787
2.87000013	1.610231	0.00011648
2.860000161	1.6103976	0.000115183
2.850000105	1.6105633	0.000113898
2.84000013	1.6107284	0.000112622
2.830000164	1.6108926	0.000111358
2.819999913	1.6110562	0.000110103
2.809999969	1.6112189	0.000108859
2.799999978	1.611381	0.000107626
2.789999993	1.6115422	0.000106402
2.780000002	1.6117028	0.000105189
2.770000002	1.6118626	0.000103986
2.760000004	1.6120216	0.000102793
2.750000028	1.61218		0.00010161
2.740000027	1.6123376	0.000100437
2.730000047	1.6124944	9.92737E-05
2.720000065	1.6126506	9.81203E-05
2.710000074	1.612806	9.69767E-05
2.700000076	1.6129606	9.58428E-05
2.690000086	1.6131146	9.47186E-05
2.68000006	1.6132678	9.36039E-05
2.670000108	1.6134203	9.24988E-05
2.660000068	1.6135721	9.14031E-05
2.650000074	1.6137232	9.03169E-05
2.640000131	1.6138736	8.92401E-05
2.630000117	1.6140232	8.81725E-05
2.620000133	1.6141722	8.71142E-05
2.610000153	1.6143204	8.60651E-05
2.600000166	1.6144679	8.50252E-05
2.590000175	1.6146148	8.39943E-05
2.580000195	1.6147609	8.29725E-05
2.570000187	1.6149063	8.19597E-05
2.559999934	1.615051	8.09557E-05
2.549999953	1.6151951	7.99607E-05
2.539999983	1.6153384	7.89745E-05
2.529999981	1.615481	7.7997E-05
2.51999998	1.615623	7.70283E-05
2.509999965	1.6157642	7.60682E-05
2.5		1.6159048	7.51167E-05
2.490000035	1.6160446	7.41738E-05
2.48000004	1.6161838	7.32394E-05
2.470000059	1.6163223	7.23134E-05
2.460000031	1.6164602	7.13959E-05
2.450000032	1.6165973	7.04867E-05
2.440000033	1.6167338	6.95858E-05
2.430000081	1.6168696	6.86932E-05
2.420000061	1.6170047	6.78087E-05
2.410000112	1.6171391	6.69324E-05
2.400000096	1.6172729	6.60642E-05
2.390000125	1.617406	6.52041E-05
2.380000098	1.6175384	6.43519E-05
2.370000103	1.6176702	6.35077E-05
2.360000131	1.6178013	6.26715E-05
2.350000137	1.6179317	6.1843E-05
2.34000015	1.6180615	6.10224E-05
2.330000159	1.6181906	6.02096E-05
2.320000176	1.6183191	5.94044E-05
2.309999962	1.6184468	5.86069E-05
2.29999994	1.618574	5.78171E-05
2.289999962	1.6187005	5.70348E-05
2.279999954	1.6188263	5.626E-05
2.269999971	1.6189515	5.54927E-05
2.25999998	1.619076	5.47328E-05
2.250000023	1.6191999	5.39804E-05
2.240000007	1.6193231	5.32352E-05
2.230000016	1.6194457	5.24974E-05
2.220000052	1.6195676	5.17668E-05
2.210000038	1.6196889	5.10434E-05
2.20000007	1.6198096	5.03271E-05
2.19000007	1.6199296	4.9618E-05
2.180000078	1.620049	4.89159E-05
2.170000062	1.6201677	4.82208E-05
2.160000107	1.6202858	4.75328E-05
2.150000088	1.6204033	4.68516E-05
2.14000009	1.6205201	4.61774E-05
2.130000127	1.6206364	4.551E-05
2.120000104	1.6207519	4.48494E-05
2.11000013	1.6208669	4.41955E-05
2.10000016	1.6209812	4.35484E-05
2.090000173	1.6210949	4.2908E-05
2.080000176	1.6212079	4.22741E-05
2.07000016	1.6213204	4.16469E-05
2.060000183	1.6214322	4.10262E-05
2.04999995	1.6215434	4.0412E-05
2.039999952	1.621654	3.98042E-05
2.029999989	1.6217639	3.92029E-05
2.019999979	1.6218733	3.8608E-05
2.009999991	1.621982	3.80194E-05
2		1.6220901	3.7437E-05
1.990000011	1.6221976	3.6861E-05
1.98000002	1.6223045	3.62911E-05
1.970000012	1.6224108	3.57274E-05
1.960000045	1.6225164	3.51699E-05
1.950000049	1.6226215	3.46184E-05
1.940000066	1.6227259	3.4073E-05
1.930000056	1.6228298	3.35336E-05
1.920000086	1.622933	3.30001E-05
1.910000071	1.6230356	3.24726E-05
1.900000106	1.6231376	3.1951E-05
1.890000104	1.6232391	3.14352E-05
1.880000119	1.6233399	3.09252E-05
1.870000134	1.6234401	3.0421E-05
1.860000134	1.6235397	2.99226E-05
1.850000139	1.6236387	2.94298E-05
1.840000138	1.6237372	2.89426E-05
1.830000159	1.623835	2.84611E-05
1.820000164	1.6239322	2.79852E-05
1.81000019	1.6240289	2.75148E-05
1.80000018	1.6241249	2.70499E-05
1.789999961	1.6242204	2.65904E-05
1.779999977	1.6243153	2.61364E-05
1.769999973	1.6244095	2.56878E-05
1.759999994	1.6245032	2.52445E-05
1.750000004	1.6245963	2.48065E-05
1.740000011	1.6246889	2.43738E-05
1.730000006	1.6247808	2.39464E-05
1.720000026	1.6248721	2.35241E-05
1.710000034	1.6249629	2.3107E-05
1.700000041	1.6250531	2.2695E-05
1.690000047	1.6251427	2.22881E-05
1.680000071	1.6252317	2.18863E-05
1.67000007	1.6253202	2.14894E-05
1.660000079	1.625408	2.10976E-05
1.650000098	1.6254953	2.07107E-05
1.640000101	1.625582	2.03287E-05
1.630000113	1.6256682	1.99515E-05
1.620000133	1.6257537	1.95792E-05
1.610000136	1.6258387	1.92117E-05
1.600000154	1.6259232	1.8849E-05
1.590000146	1.626007	1.8491E-05
1.580000156	1.6260903	1.81377E-05
1.570000161	1.626173	1.7789E-05
1.560000173	1.6262551	1.7445E-05
1.550000193	1.6263367	1.71055E-05
1.539999951	1.6264177	1.67706E-05
1.529999979	1.6264981	1.64402E-05
1.51999997	1.626578	1.61143E-05
1.50999999	1.6266573	1.57929E-05
1.499999993	1.626736	1.54758E-05
1.489999999	1.6268142	1.51632E-05
1.480000012	1.6268918	1.48549E-05
1.470000019	1.6269689	1.45509E-05
1.460000036	1.6270454	1.42511E-05
1.450000047	1.6271213	1.39557E-05
1.440000051	1.6271967	1.36644E-05
1.43000006	1.6272715	1.33773E-05
1.420000085	1.6273458	1.30943E-05
1.410000096	1.6274195	1.28155E-05
1.400000087	1.6274926	1.25407E-05
1.390000097	1.6275652	1.227E-05
1.380000116	1.6276373	1.20033E-05
1.370000126	1.6277088	1.17406E-05
1.360000125	1.6277797	1.14818E-05
1.350000147	1.6278501	1.12269E-05
1.340000156	1.6279199	1.09759E-05
1.330000158	1.6279892	1.07287E-05
1.32000017	1.6280579	1.04854E-05
1.310000186	1.6281261	1.02458E-05
1.300000185	1.6281937	1.001E-05
1.290000197	1.6282608	9.77785E-06
1.279999967	1.6283273	9.54942E-06
1.269999975	1.6283933	9.32465E-06
1.25999999	1.6284588	9.1035E-06
1.25		1.6285237	8.88593E-06
1.240000004	1.628588	8.67193E-06
1.230000015	1.6286519	8.46143E-06
1.220000031	1.6287151	8.25444E-06
1.210000045	1.6287779	8.05089E-06
1.200000048	1.62884		7.85078E-06
1.190000063	1.6289017	7.65408E-06
1.180000066	1.6289628	7.46072E-06
1.170000075	1.6290234	7.27071E-06
1.160000088	1.6290834	7.08401E-06
1.150000089	1.6291429	6.90057E-06
1.140000107	1.6292018	6.72037E-06
1.130000118	1.6292602	6.54339E-06
1.120000129	1.6293181	6.36958E-06
1.110000137	1.6293755	6.19892E-06
1.100000144	1.6294323	6.03138E-06
1.090000158	1.6294885	5.86693E-06
1.080000159	1.6295443	5.70555E-06
1.070000171	1.6295995	5.54716E-06
1.060000176	1.6296542	5.39179E-06
1.05000019	1.6297083	5.23938E-06
1.040000196	1.6297619	5.0899E-06
1.029999975	1.629815	4.94332E-06
1.019999976	1.6298675	4.79963E-06
1.00999999	1.6299195	4.65878E-06
1		1.629971	4.52075E-06
0.99000001	1.630022	4.38548E-06
0.979999965	1.6300724	4.253E-06
0.970000033	1.6301223	4.12321E-06
0.959999969	1.6301717	3.99615E-06
0.949999981	1.6302205	3.87172E-06
0.939999989	1.6302688	3.74994E-06
0.930000015	1.6303166	3.63078E-06
0.920000018	1.6303639	3.51418E-06
0.909999999	1.6304106	3.40011E-06
0.900000009	1.6304569	3.28857E-06
0.890000004	1.6305025	3.17954E-06
0.880000028	1.6305477	3.07296E-06
0.86999999	1.6305924	2.96881E-06
0.859999998	1.6306365	2.86703E-06
0.849999992	1.6306801	2.76765E-06
0.839999993	1.6307231	2.67064E-06
0.829999984	1.6307657	2.57588E-06
0.819999997	1.6308077	2.48345E-06
0.810000001	1.6308492	2.39325E-06
0.8		1.6308902	2.3053E-06
0.789999991	1.6309307	2.21952E-06
0.779999989	1.6309707	2.13591E-06
0.769999999	1.6310101	2.05447E-06
0.759999985	1.631049	1.97512E-06
0.750000019	1.6310874	1.89784E-06