# Number of wavelengths (nwvl):
  35
# Number of radius (nsize):
   50
# Wavelength axis (wvl):
 0.740000E-06 0.730000E-06 0.720000E-06 0.710000E-06 0.700000E-06
 0.690000E-06 0.680000E-06 0.670000E-06 0.660000E-06 0.650000E-06
 0.640000E-06 0.630000E-06 0.620000E-06 0.610000E-06 0.600000E-06
 0.590000E-06 0.580000E-06 0.570000E-06 0.560000E-06 0.550000E-06
 0.540000E-06 0.530000E-06 0.520000E-06 0.510000E-06 0.500000E-06
 0.490000E-06 0.480000E-06 0.470000E-06 0.460000E-06 0.450000E-06
 0.440000E-06 0.430000E-06 0.420000E-06 0.410000E-06 0.400000E-06
# Particle size axis (radius):
 0.100000E-05 0.110444E-05 0.121979E-05 0.134718E-05 0.148788E-05
 0.164327E-05 0.181489E-05 0.200443E-05 0.221378E-05 0.244498E-05
 0.270033E-05 0.298235E-05 0.329382E-05 0.363783E-05 0.401776E-05
 0.443737E-05 0.490080E-05 0.541264E-05 0.597793E-05 0.660225E-05
 0.729179E-05 0.805333E-05 0.889442E-05 0.982334E-05 0.108493E-04
 0.119824E-04 0.132338E-04 0.146159E-04 0.161424E-04 0.178283E-04
 0.196902E-04 0.217467E-04 0.240179E-04 0.265263E-04 0.292966E-04
 0.323563E-04 0.357356E-04 0.394678E-04 0.435898E-04 0.481422E-04
 0.531702E-04 0.587232E-04 0.648562E-04 0.716297E-04 0.791106E-04
 0.873728E-04 0.964980E-04 0.106576E-03 0.117707E-03 0.130000E-03
# Extinction coef. Qext (ep):
# Radius number     1
 0.285627E+01 0.307016E+01 0.278589E+01 0.271607E+01 0.270138E+01
 0.262995E+01 0.272707E+01 0.262917E+01 0.243539E+01 0.237875E+01
 0.233374E+01 0.249126E+01 0.221801E+01 0.236420E+01 0.207444E+01
 0.219575E+01 0.207179E+01 0.201089E+01 0.205752E+01 0.223235E+01
 0.216625E+01 0.215144E+01 0.258131E+01 0.240993E+01 0.237147E+01
 0.255153E+01 0.253133E+01 0.255250E+01 0.258267E+01 0.245811E+01
 0.245461E+01 0.232299E+01 0.225370E+01 0.214158E+01 0.208975E+01
# Radius number     2
 0.271250E+01 0.284185E+01 0.264564E+01 0.259275E+01 0.257487E+01
 0.252271E+01 0.258110E+01 0.251021E+01 0.238096E+01 0.234217E+01
 0.231368E+01 0.241783E+01 0.223936E+01 0.233909E+01 0.215467E+01
 0.223942E+01 0.216184E+01 0.212736E+01 0.216413E+01 0.228129E+01
 0.224098E+01 0.223314E+01 0.251409E+01 0.239885E+01 0.237047E+01
 0.248229E+01 0.246217E+01 0.246945E+01 0.248118E+01 0.239328E+01
 0.238645E+01 0.229708E+01 0.225146E+01 0.217965E+01 0.214913E+01
# Radius number     3
 0.255555E+01 0.261692E+01 0.250494E+01 0.247210E+01 0.245761E+01
 0.242711E+01 0.245614E+01 0.241515E+01 0.234599E+01 0.232573E+01
 0.231257E+01 0.237044E+01 0.227618E+01 0.233275E+01 0.223774E+01
 0.228641E+01 0.224672E+01 0.223037E+01 0.225246E+01 0.231485E+01
 0.229318E+01 0.228743E+01 0.243491E+01 0.236886E+01 0.234949E+01
 0.240345E+01 0.238698E+01 0.238544E+01 0.238602E+01 0.233457E+01
 0.232811E+01 0.227820E+01 0.225352E+01 0.221574E+01 0.220075E+01
# Radius number     4
 0.243627E+01 0.245915E+01 0.240784E+01 0.239232E+01 0.238440E+01
 0.237099E+01 0.238334E+01 0.236482E+01 0.233566E+01 0.232763E+01
 0.232306E+01 0.234920E+01 0.230838E+01 0.233326E+01 0.229281E+01
 0.231393E+01 0.229610E+01 0.228757E+01 0.229605E+01 0.232037E+01
 0.230895E+01 0.230307E+01 0.236312E+01 0.233055E+01 0.231850E+01
 0.233741E+01 0.232650E+01 0.232205E+01 0.231878E+01 0.229363E+01
 0.228887E+01 0.226541E+01 0.225361E+01 0.223642E+01 0.222905E+01
# Radius number     5
 0.237364E+01 0.238045E+01 0.236147E+01 0.235596E+01 0.235229E+01
 0.234743E+01 0.235125E+01 0.234361E+01 0.233284E+01 0.232919E+01
 0.232660E+01 0.233494E+01 0.231850E+01 0.232508E+01 0.230914E+01
 0.231446E+01 0.230614E+01 0.229993E+01 0.230039E+01 0.230571E+01
 0.229932E+01 0.229381E+01 0.231154E+01 0.229715E+01 0.229009E+01
 0.229357E+01 0.228710E+01 0.228266E+01 0.227891E+01 0.226764E+01
 0.226392E+01 0.225344E+01 0.224722E+01 0.223926E+01 0.223445E+01
# Radius number     6
 0.234714E+01 0.234778E+01 0.234067E+01 0.233825E+01 0.233515E+01
 0.233228E+01 0.233154E+01 0.232691E+01 0.232172E+01 0.231845E+01
 0.231531E+01 0.231579E+01 0.230787E+01 0.230673E+01 0.229961E+01
 0.229860E+01 0.229402E+01 0.228894E+01 0.228656E+01 0.228529E+01
 0.228131E+01 0.227673E+01 0.227907E+01 0.227250E+01 0.226799E+01
 0.226633E+01 0.226207E+01 0.225810E+01 0.225450E+01 0.224874E+01
 0.224540E+01 0.223979E+01 0.223539E+01 0.223073E+01 0.222660E+01
# Radius number     7
 0.232855E+01 0.232643E+01 0.232188E+01 0.231955E+01 0.231578E+01
 0.231277E+01 0.231011E+01 0.230609E+01 0.230229E+01 0.229902E+01
 0.229570E+01 0.229385E+01 0.228881E+01 0.228573E+01 0.228162E+01
 0.227912E+01 0.227600E+01 0.227189E+01 0.226898E+01 0.226624E+01
 0.226316E+01 0.225932E+01 0.225732E+01 0.225338E+01 0.224984E+01
 0.224683E+01 0.224342E+01 0.223978E+01 0.223633E+01 0.223234E+01
 0.222924E+01 0.222524E+01 0.222140E+01 0.221783E+01 0.221392E+01
# Radius number     8
 0.230714E+01 0.230413E+01 0.230011E+01 0.229772E+01 0.229397E+01
 0.229105E+01 0.228819E+01 0.228474E+01 0.228164E+01 0.227879E+01
 0.227579E+01 0.227359E+01 0.226977E+01 0.226664E+01 0.226353E+01
 0.226095E+01 0.225825E+01 0.225477E+01 0.225190E+01 0.224899E+01
 0.224614E+01 0.224273E+01 0.223980E+01 0.223663E+01 0.223354E+01
 0.223027E+01 0.222726E+01 0.222391E+01 0.222062E+01 0.221718E+01
 0.221436E+01 0.221104E+01 0.220737E+01 0.220425E+01 0.220049E+01
# Radius number     9
 0.228553E+01 0.228267E+01 0.227924E+01 0.227707E+01 0.227382E+01
 0.227125E+01 0.226867E+01 0.226575E+01 0.226306E+01 0.226053E+01
 0.225778E+01 0.225556E+01 0.225233E+01 0.224938E+01 0.224661E+01
 0.224409E+01 0.224149E+01 0.223836E+01 0.223571E+01 0.223289E+01
 0.223014E+01 0.222704E+01 0.222406E+01 0.222120E+01 0.221847E+01
 0.221516E+01 0.221251E+01 0.220938E+01 0.220628E+01 0.220306E+01
 0.220047E+01 0.219766E+01 0.219408E+01 0.219121E+01 0.218759E+01
# Radius number    10
 0.226631E+01 0.226378E+01 0.226083E+01 0.225881E+01 0.225599E+01
 0.225360E+01 0.225121E+01 0.224858E+01 0.224609E+01 0.224367E+01
 0.224107E+01 0.223889E+01 0.223598E+01 0.223324E+01 0.223066E+01
 0.222823E+01 0.222578E+01 0.222283E+01 0.222053E+01 0.221785E+01
 0.221517E+01 0.221236E+01 0.220952E+01 0.220683E+01 0.220452E+01
 0.220117E+01 0.219883E+01 0.219586E+01 0.219299E+01 0.218990E+01
 0.218747E+01 0.218512E+01 0.218162E+01 0.217895E+01 0.217552E+01
# Radius number    11
 0.224898E+01 0.224665E+01 0.224399E+01 0.224202E+01 0.223951E+01
 0.223717E+01 0.223490E+01 0.223251E+01 0.223014E+01 0.222778E+01
 0.222538E+01 0.222330E+01 0.222061E+01 0.221814E+01 0.221573E+01
 0.221335E+01 0.221117E+01 0.220831E+01 0.220643E+01 0.220388E+01
 0.220122E+01 0.219864E+01 0.219603E+01 0.219343E+01 0.219150E+01
 0.218816E+01 0.218606E+01 0.218325E+01 0.218060E+01 0.217766E+01
 0.217533E+01 0.217335E+01 0.216995E+01 0.216744E+01 0.216428E+01
# Radius number    12
 0.223280E+01 0.223062E+01 0.222818E+01 0.222632E+01 0.222406E+01
 0.222173E+01 0.221962E+01 0.221746E+01 0.221523E+01 0.221293E+01
 0.221076E+01 0.220881E+01 0.220628E+01 0.220407E+01 0.220183E+01
 0.219949E+01 0.219760E+01 0.219479E+01 0.219329E+01 0.219082E+01
 0.218819E+01 0.218584E+01 0.218343E+01 0.218092E+01 0.217930E+01
 0.217605E+01 0.217411E+01 0.217150E+01 0.216900E+01 0.216625E+01
 0.216403E+01 0.216225E+01 0.215899E+01 0.215668E+01 0.215383E+01
# Radius number    13
 0.221766E+01 0.221563E+01 0.221342E+01 0.221169E+01 0.220964E+01
 0.220732E+01 0.220535E+01 0.220341E+01 0.220136E+01 0.219910E+01
 0.219718E+01 0.219532E+01 0.219292E+01 0.219095E+01 0.218888E+01
 0.218660E+01 0.218493E+01 0.218221E+01 0.218098E+01 0.217861E+01
 0.217604E+01 0.217391E+01 0.217165E+01 0.216926E+01 0.216784E+01
 0.216476E+01 0.216291E+01 0.216057E+01 0.215813E+01 0.215562E+01
 0.215352E+01 0.215182E+01 0.214874E+01 0.214662E+01 0.214407E+01
# Radius number    14
 0.220354E+01 0.220163E+01 0.219968E+01 0.219810E+01 0.219618E+01
 0.219388E+01 0.219205E+01 0.219030E+01 0.218843E+01 0.218625E+01
 0.218451E+01 0.218275E+01 0.218047E+01 0.217871E+01 0.217679E+01
 0.217460E+01 0.217306E+01 0.217052E+01 0.216942E+01 0.216718E+01
 0.216470E+01 0.216280E+01 0.216060E+01 0.215840E+01 0.215707E+01
 0.215423E+01 0.215244E+01 0.215038E+01 0.214796E+01 0.214569E+01
 0.214375E+01 0.214201E+01 0.213918E+01 0.213721E+01 0.213493E+01
# Radius number    15
 0.219034E+01 0.218856E+01 0.218686E+01 0.218540E+01 0.218361E+01
 0.218137E+01 0.217966E+01 0.217807E+01 0.217637E+01 0.217428E+01
 0.217268E+01 0.217101E+01 0.216890E+01 0.216731E+01 0.216552E+01
 0.216344E+01 0.216193E+01 0.215964E+01 0.215856E+01 0.215647E+01
 0.215418E+01 0.215244E+01 0.215026E+01 0.214831E+01 0.214696E+01
 0.214437E+01 0.214266E+01 0.214086E+01 0.213848E+01 0.213642E+01
 0.213461E+01 0.213283E+01 0.213032E+01 0.212840E+01 0.212634E+01
# Radius number    16
 0.217802E+01 0.217636E+01 0.217491E+01 0.217349E+01 0.217185E+01
 0.216973E+01 0.216813E+01 0.216670E+01 0.216512E+01 0.216309E+01
 0.216158E+01 0.216006E+01 0.215811E+01 0.215665E+01 0.215499E+01
 0.215303E+01 0.215153E+01 0.214949E+01 0.214835E+01 0.214644E+01
 0.214436E+01 0.214276E+01 0.214061E+01 0.213890E+01 0.213749E+01
 0.213515E+01 0.213350E+01 0.213192E+01 0.212967E+01 0.212775E+01
 0.212605E+01 0.212427E+01 0.212208E+01 0.212017E+01 0.211827E+01
# Radius number    17
 0.216655E+01 0.216501E+01 0.216377E+01 0.216232E+01 0.216088E+01
 0.215891E+01 0.215740E+01 0.215610E+01 0.215463E+01 0.215264E+01
 0.215119E+01 0.214984E+01 0.214806E+01 0.214670E+01 0.214515E+01
 0.214331E+01 0.214182E+01 0.214000E+01 0.213878E+01 0.213705E+01
 0.213519E+01 0.213371E+01 0.213166E+01 0.213014E+01 0.212862E+01
 0.212655E+01 0.212493E+01 0.212353E+01 0.212148E+01 0.211963E+01
 0.211801E+01 0.211630E+01 0.211440E+01 0.211248E+01 0.211070E+01
# Radius number    18
 0.215588E+01 0.215446E+01 0.215336E+01 0.215188E+01 0.215064E+01
 0.214882E+01 0.214740E+01 0.214620E+01 0.214480E+01 0.214285E+01
 0.214147E+01 0.214028E+01 0.213866E+01 0.213738E+01 0.213592E+01
 0.213420E+01 0.213273E+01 0.213110E+01 0.212984E+01 0.212825E+01
 0.212658E+01 0.212522E+01 0.212334E+01 0.212195E+01 0.212035E+01
 0.211852E+01 0.211693E+01 0.211566E+01 0.211383E+01 0.211203E+01
 0.211048E+01 0.210889E+01 0.210719E+01 0.210532E+01 0.210364E+01
# Radius number    19
 0.214595E+01 0.214464E+01 0.214362E+01 0.214212E+01 0.214104E+01
 0.213937E+01 0.213804E+01 0.213693E+01 0.213558E+01 0.213371E+01
 0.213242E+01 0.213132E+01 0.212985E+01 0.212864E+01 0.212728E+01
 0.212564E+01 0.212421E+01 0.212275E+01 0.212148E+01 0.212003E+01
 0.211850E+01 0.211725E+01 0.211559E+01 0.211425E+01 0.211264E+01
 0.211101E+01 0.210946E+01 0.210828E+01 0.210665E+01 0.210491E+01
 0.210345E+01 0.210197E+01 0.210041E+01 0.209864E+01 0.209704E+01
# Radius number    20
 0.213668E+01 0.213546E+01 0.213447E+01 0.213300E+01 0.213204E+01
 0.213050E+01 0.212927E+01 0.212825E+01 0.212694E+01 0.212520E+01
 0.212403E+01 0.212290E+01 0.212157E+01 0.212048E+01 0.211919E+01
 0.211760E+01 0.211624E+01 0.211491E+01 0.211369E+01 0.211237E+01
 0.211094E+01 0.210978E+01 0.210831E+01 0.210700E+01 0.210543E+01
 0.210398E+01 0.210250E+01 0.210137E+01 0.209990E+01 0.209824E+01
 0.209688E+01 0.209548E+01 0.209405E+01 0.209240E+01 0.209089E+01
# Radius number    21
 0.212800E+01 0.212686E+01 0.212590E+01 0.212447E+01 0.212358E+01
 0.212215E+01 0.212101E+01 0.212011E+01 0.211884E+01 0.211727E+01
 0.211620E+01 0.211502E+01 0.211378E+01 0.211284E+01 0.211163E+01
 0.211007E+01 0.210879E+01 0.210758E+01 0.210642E+01 0.210523E+01
 0.210389E+01 0.210279E+01 0.210147E+01 0.210017E+01 0.209870E+01
 0.209741E+01 0.209601E+01 0.209489E+01 0.209357E+01 0.209201E+01
 0.209074E+01 0.208937E+01 0.208807E+01 0.208657E+01 0.208513E+01
# Radius number    22
 0.211984E+01 0.211878E+01 0.211788E+01 0.211649E+01 0.211567E+01
 0.211431E+01 0.211326E+01 0.211249E+01 0.211126E+01 0.210986E+01
 0.210889E+01 0.210766E+01 0.210650E+01 0.210567E+01 0.210452E+01
 0.210304E+01 0.210187E+01 0.210074E+01 0.209962E+01 0.209854E+01
 0.209729E+01 0.209623E+01 0.209502E+01 0.209376E+01 0.209239E+01
 0.209126E+01 0.208994E+01 0.208882E+01 0.208761E+01 0.208618E+01
 0.208499E+01 0.208365E+01 0.208245E+01 0.208109E+01 0.207973E+01
# Radius number    23
 0.211220E+01 0.211120E+01 0.211036E+01 0.210904E+01 0.210827E+01
 0.210699E+01 0.210602E+01 0.210534E+01 0.210416E+01 0.210292E+01
 0.210203E+01 0.210081E+01 0.209972E+01 0.209891E+01 0.209782E+01
 0.209650E+01 0.209542E+01 0.209435E+01 0.209326E+01 0.209225E+01
 0.209112E+01 0.209008E+01 0.208897E+01 0.208775E+01 0.208650E+01
 0.208550E+01 0.208427E+01 0.208313E+01 0.208203E+01 0.208072E+01
 0.207963E+01 0.207828E+01 0.207721E+01 0.207594E+01 0.207469E+01
# Radius number    24
 0.210503E+01 0.210409E+01 0.210331E+01 0.210210E+01 0.210132E+01
 0.210018E+01 0.209926E+01 0.209861E+01 0.209747E+01 0.209643E+01
 0.209557E+01 0.209442E+01 0.209340E+01 0.209252E+01 0.209150E+01
 0.209041E+01 0.208940E+01 0.208836E+01 0.208730E+01 0.208634E+01
 0.208535E+01 0.208430E+01 0.208329E+01 0.208213E+01 0.208099E+01
 0.208008E+01 0.207892E+01 0.207779E+01 0.207680E+01 0.207562E+01
 0.207461E+01 0.207325E+01 0.207232E+01 0.207107E+01 0.206997E+01
# Radius number    25
 0.209835E+01 0.209746E+01 0.209667E+01 0.209563E+01 0.209482E+01
 0.209384E+01 0.209297E+01 0.209227E+01 0.209120E+01 0.209034E+01
 0.208951E+01 0.208845E+01 0.208751E+01 0.208653E+01 0.208558E+01
 0.208470E+01 0.208378E+01 0.208275E+01 0.208174E+01 0.208080E+01
 0.207996E+01 0.207889E+01 0.207798E+01 0.207687E+01 0.207583E+01
 0.207501E+01 0.207388E+01 0.207278E+01 0.207193E+01 0.207086E+01
 0.206992E+01 0.206853E+01 0.206777E+01 0.206649E+01 0.206556E+01
# Radius number    26
 0.209210E+01 0.209127E+01 0.209045E+01 0.208958E+01 0.208873E+01
 0.208792E+01 0.208711E+01 0.208632E+01 0.208534E+01 0.208466E+01
 0.208382E+01 0.208289E+01 0.208198E+01 0.208095E+01 0.208006E+01
 0.207935E+01 0.207851E+01 0.207750E+01 0.207654E+01 0.207562E+01
 0.207492E+01 0.207384E+01 0.207304E+01 0.207199E+01 0.207098E+01
 0.207027E+01 0.206914E+01 0.206810E+01 0.206741E+01 0.206640E+01
 0.206550E+01 0.206412E+01 0.206353E+01 0.206223E+01 0.206142E+01
# Radius number    27
 0.208625E+01 0.208548E+01 0.208463E+01 0.208393E+01 0.208305E+01
 0.208235E+01 0.208160E+01 0.208074E+01 0.207986E+01 0.207931E+01
 0.207848E+01 0.207766E+01 0.207680E+01 0.207574E+01 0.207493E+01
 0.207433E+01 0.207354E+01 0.207259E+01 0.207164E+01 0.207076E+01
 0.207021E+01 0.206911E+01 0.206842E+01 0.206742E+01 0.206641E+01
 0.206583E+01 0.206469E+01 0.206374E+01 0.206321E+01 0.206219E+01
 0.206134E+01 0.206000E+01 0.205956E+01 0.205827E+01 0.205751E+01
# Radius number    28
 0.208079E+01 0.208008E+01 0.207920E+01 0.207863E+01 0.207774E+01
 0.207713E+01 0.207645E+01 0.207553E+01 0.207476E+01 0.207428E+01
 0.207349E+01 0.207277E+01 0.207195E+01 0.207089E+01 0.207014E+01
 0.206964E+01 0.206884E+01 0.206800E+01 0.206703E+01 0.206621E+01
 0.206576E+01 0.206468E+01 0.206412E+01 0.206316E+01 0.206212E+01
 0.206165E+01 0.206055E+01 0.205967E+01 0.205926E+01 0.205823E+01
 0.205742E+01 0.205617E+01 0.205579E+01 0.205458E+01 0.205383E+01
# Radius number    29
 0.207570E+01 0.207503E+01 0.207415E+01 0.207364E+01 0.207278E+01
 0.207225E+01 0.207162E+01 0.207069E+01 0.206999E+01 0.206959E+01
 0.206887E+01 0.206817E+01 0.206741E+01 0.206638E+01 0.206567E+01
 0.206524E+01 0.206442E+01 0.206371E+01 0.206271E+01 0.206198E+01
 0.206159E+01 0.206056E+01 0.206011E+01 0.205916E+01 0.205815E+01
 0.205772E+01 0.205672E+01 0.205590E+01 0.205552E+01 0.205449E+01
 0.205377E+01 0.205262E+01 0.205222E+01 0.205116E+01 0.205041E+01
# Radius number    30
 0.207093E+01 0.207029E+01 0.206942E+01 0.206892E+01 0.206812E+01
 0.206769E+01 0.206710E+01 0.206617E+01 0.206553E+01 0.206517E+01
 0.206454E+01 0.206383E+01 0.206313E+01 0.206214E+01 0.206148E+01
 0.206109E+01 0.206029E+01 0.205965E+01 0.205869E+01 0.205801E+01
 0.205767E+01 0.205671E+01 0.205633E+01 0.205540E+01 0.205446E+01
 0.205401E+01 0.205314E+01 0.205237E+01 0.205196E+01 0.205099E+01
 0.205035E+01 0.204930E+01 0.204882E+01 0.204795E+01 0.204722E+01
# Radius number    31
 0.206645E+01 0.206585E+01 0.206500E+01 0.206450E+01 0.206377E+01
 0.206342E+01 0.206284E+01 0.206195E+01 0.206136E+01 0.206102E+01
 0.206051E+01 0.205978E+01 0.205910E+01 0.205820E+01 0.205757E+01
 0.205717E+01 0.205646E+01 0.205583E+01 0.205497E+01 0.205432E+01
 0.205400E+01 0.205312E+01 0.205274E+01 0.205187E+01 0.205104E+01
 0.205054E+01 0.204981E+01 0.204908E+01 0.204857E+01 0.204772E+01
 0.204714E+01 0.204620E+01 0.204562E+01 0.204493E+01 0.204424E+01
# Radius number    32
 0.206222E+01 0.206166E+01 0.206086E+01 0.206038E+01 0.205969E+01
 0.205939E+01 0.205882E+01 0.205802E+01 0.205747E+01 0.205712E+01
 0.205670E+01 0.205598E+01 0.205531E+01 0.205450E+01 0.205391E+01
 0.205352E+01 0.205291E+01 0.205223E+01 0.205151E+01 0.205087E+01
 0.205056E+01 0.204977E+01 0.204933E+01 0.204857E+01 0.204785E+01
 0.204729E+01 0.204668E+01 0.204600E+01 0.204537E+01 0.204466E+01
 0.204412E+01 0.204330E+01 0.204266E+01 0.204209E+01 0.204142E+01
# Radius number    33
 0.205825E+01 0.205772E+01 0.205700E+01 0.205656E+01 0.205589E+01
 0.205559E+01 0.205505E+01 0.205434E+01 0.205383E+01 0.205345E+01
 0.205308E+01 0.205244E+01 0.205178E+01 0.205105E+01 0.205050E+01
 0.205012E+01 0.204962E+01 0.204887E+01 0.204830E+01 0.204765E+01
 0.204734E+01 0.204663E+01 0.204612E+01 0.204548E+01 0.204486E+01
 0.204424E+01 0.204374E+01 0.204311E+01 0.204242E+01 0.204181E+01
 0.204128E+01 0.204058E+01 0.203992E+01 0.203942E+01 0.203877E+01
# Radius number    34
 0.205453E+01 0.205403E+01 0.205339E+01 0.205302E+01 0.205234E+01
 0.205202E+01 0.205153E+01 0.205091E+01 0.205043E+01 0.205001E+01
 0.204964E+01 0.204910E+01 0.204850E+01 0.204783E+01 0.204731E+01
 0.204695E+01 0.204651E+01 0.204573E+01 0.204529E+01 0.204465E+01
 0.204430E+01 0.204371E+01 0.204312E+01 0.204260E+01 0.204203E+01
 0.204140E+01 0.204096E+01 0.204040E+01 0.203969E+01 0.203916E+01
 0.203863E+01 0.203801E+01 0.203737E+01 0.203690E+01 0.203626E+01
# Radius number    35
 0.205105E+01 0.205059E+01 0.205003E+01 0.204972E+01 0.204904E+01
 0.204871E+01 0.204829E+01 0.204770E+01 0.204726E+01 0.204678E+01
 0.204640E+01 0.204598E+01 0.204545E+01 0.204484E+01 0.204435E+01
 0.204400E+01 0.204356E+01 0.204281E+01 0.204245E+01 0.204184E+01
 0.204145E+01 0.204098E+01 0.204035E+01 0.203991E+01 0.203938E+01
 0.203875E+01 0.203836E+01 0.203786E+01 0.203716E+01 0.203669E+01
 0.203616E+01 0.203561E+01 0.203499E+01 0.203454E+01 0.203394E+01
# Radius number    36
 0.204780E+01 0.204738E+01 0.204688E+01 0.204660E+01 0.204595E+01
 0.204562E+01 0.204524E+01 0.204470E+01 0.204429E+01 0.204375E+01
 0.204337E+01 0.204302E+01 0.204256E+01 0.204203E+01 0.204158E+01
 0.204118E+01 0.204074E+01 0.204008E+01 0.203975E+01 0.203920E+01
 0.203878E+01 0.203841E+01 0.203776E+01 0.203738E+01 0.203688E+01
 0.203629E+01 0.203591E+01 0.203544E+01 0.203479E+01 0.203439E+01
 0.203386E+01 0.203335E+01 0.203274E+01 0.203234E+01 0.203179E+01
# Radius number    37
 0.204477E+01 0.204437E+01 0.204394E+01 0.204367E+01 0.204307E+01
 0.204273E+01 0.204237E+01 0.204191E+01 0.204152E+01 0.204094E+01
 0.204057E+01 0.204026E+01 0.203984E+01 0.203940E+01 0.203898E+01
 0.203854E+01 0.203811E+01 0.203756E+01 0.203723E+01 0.203673E+01
 0.203631E+01 0.203599E+01 0.203536E+01 0.203499E+01 0.203454E+01
 0.203400E+01 0.203362E+01 0.203317E+01 0.203256E+01 0.203224E+01
 0.203175E+01 0.203123E+01 0.203062E+01 0.203030E+01 0.202984E+01
# Radius number    38
 0.204190E+01 0.204153E+01 0.204117E+01 0.204089E+01 0.204036E+01
 0.204000E+01 0.203965E+01 0.203927E+01 0.203890E+01 0.203831E+01
 0.203797E+01 0.203767E+01 0.203727E+01 0.203691E+01 0.203652E+01
 0.203606E+01 0.203563E+01 0.203520E+01 0.203486E+01 0.203438E+01
 0.203400E+01 0.203368E+01 0.203310E+01 0.203273E+01 0.203235E+01
 0.203186E+01 0.203148E+01 0.203100E+01 0.203044E+01 0.203022E+01
 0.202980E+01 0.202923E+01 0.202861E+01 0.202840E+01 0.202803E+01
# Radius number    39
 0.203921E+01 0.203886E+01 0.203857E+01 0.203826E+01 0.203780E+01
 0.203743E+01 0.203710E+01 0.203679E+01 0.203643E+01 0.203588E+01
 0.203555E+01 0.203527E+01 0.203488E+01 0.203456E+01 0.203419E+01
 0.203375E+01 0.203334E+01 0.203301E+01 0.203265E+01 0.203218E+01
 0.203187E+01 0.203148E+01 0.203095E+01 0.203060E+01 0.203032E+01
 0.202987E+01 0.202950E+01 0.202893E+01 0.202843E+01 0.202834E+01
 0.202799E+01 0.202735E+01 0.202672E+01 0.202663E+01 0.202633E+01
# Radius number    40
 0.203669E+01 0.203636E+01 0.203613E+01 0.203581E+01 0.203540E+01
 0.203504E+01 0.203472E+01 0.203444E+01 0.203412E+01 0.203362E+01
 0.203326E+01 0.203304E+01 0.203267E+01 0.203234E+01 0.203199E+01
 0.203163E+01 0.203124E+01 0.203095E+01 0.203060E+01 0.203012E+01
 0.202991E+01 0.202938E+01 0.202892E+01 0.202858E+01 0.202840E+01
 0.202800E+01 0.202767E+01 0.202697E+01 0.202657E+01 0.202658E+01
 0.202629E+01 0.202559E+01 0.202497E+01 0.202497E+01 0.202467E+01
# Radius number    41
 0.203433E+01 0.203402E+01 0.203383E+01 0.203351E+01 0.203313E+01
 0.203282E+01 0.203252E+01 0.203222E+01 0.203193E+01 0.203150E+01
 0.203110E+01 0.203099E+01 0.203063E+01 0.203023E+01 0.202990E+01
 0.202969E+01 0.202931E+01 0.202902E+01 0.202867E+01 0.202818E+01
 0.202809E+01 0.202738E+01 0.202700E+01 0.202667E+01 0.202661E+01
 0.202623E+01 0.202595E+01 0.202516E+01 0.202483E+01 0.202490E+01
 0.202464E+01 0.202394E+01 0.202337E+01 0.202338E+01 0.202306E+01
# Radius number    42
 0.203215E+01 0.203186E+01 0.203165E+01 0.203138E+01 0.203101E+01
 0.203078E+01 0.203051E+01 0.203012E+01 0.202985E+01 0.202951E+01
 0.202906E+01 0.202910E+01 0.202877E+01 0.202823E+01 0.202792E+01
 0.202790E+01 0.202754E+01 0.202721E+01 0.202687E+01 0.202637E+01
 0.202639E+01 0.202554E+01 0.202523E+01 0.202492E+01 0.202491E+01
 0.202456E+01 0.202432E+01 0.202354E+01 0.202326E+01 0.202332E+01
 0.202304E+01 0.202239E+01 0.202191E+01 0.202186E+01 0.202153E+01
# Radius number    43
 0.203013E+01 0.202987E+01 0.202960E+01 0.202942E+01 0.202901E+01
 0.202889E+01 0.202864E+01 0.202811E+01 0.202789E+01 0.202763E+01
 0.202713E+01 0.202735E+01 0.202703E+01 0.202634E+01 0.202606E+01
 0.202619E+01 0.202587E+01 0.202549E+01 0.202516E+01 0.202469E+01
 0.202474E+01 0.202388E+01 0.202361E+01 0.202334E+01 0.202330E+01
 0.202298E+01 0.202274E+01 0.202209E+01 0.202180E+01 0.202180E+01
 0.202150E+01 0.202095E+01 0.202054E+01 0.202041E+01 0.202010E+01
# Radius number    44
 0.202829E+01 0.202806E+01 0.202766E+01 0.202761E+01 0.202715E+01
 0.202712E+01 0.202691E+01 0.202624E+01 0.202606E+01 0.202587E+01
 0.202535E+01 0.202567E+01 0.202536E+01 0.202460E+01 0.202436E+01
 0.202454E+01 0.202425E+01 0.202387E+01 0.202354E+01 0.202312E+01
 0.202313E+01 0.202240E+01 0.202214E+01 0.202190E+01 0.202180E+01
 0.202149E+01 0.202124E+01 0.202076E+01 0.202045E+01 0.202038E+01
 0.202007E+01 0.201961E+01 0.201924E+01 0.201905E+01 0.201883E+01
# Radius number    45
 0.202661E+01 0.202639E+01 0.202587E+01 0.202591E+01 0.202541E+01
 0.202543E+01 0.202525E+01 0.202454E+01 0.202440E+01 0.202426E+01
 0.202374E+01 0.202403E+01 0.202377E+01 0.202300E+01 0.202286E+01
 0.202292E+01 0.202267E+01 0.202233E+01 0.202201E+01 0.202167E+01
 0.202156E+01 0.202105E+01 0.202081E+01 0.202056E+01 0.202041E+01
 0.202010E+01 0.201981E+01 0.201951E+01 0.201916E+01 0.201906E+01
 0.201875E+01 0.201834E+01 0.201800E+01 0.201779E+01 0.201769E+01
# Radius number    46
 0.202508E+01 0.202487E+01 0.202427E+01 0.202424E+01 0.202373E+01
 0.202378E+01 0.202366E+01 0.202304E+01 0.202292E+01 0.202283E+01
 0.202233E+01 0.202242E+01 0.202231E+01 0.202148E+01 0.202157E+01
 0.202134E+01 0.202110E+01 0.202092E+01 0.202055E+01 0.202036E+01
 0.202005E+01 0.201978E+01 0.201959E+01 0.201925E+01 0.201915E+01
 0.201877E+01 0.201839E+01 0.201832E+01 0.201794E+01 0.201782E+01
 0.201752E+01 0.201711E+01 0.201681E+01 0.201665E+01 0.201668E+01
# Radius number    47
 0.202381E+01 0.202362E+01 0.202293E+01 0.202256E+01 0.202209E+01
 0.202220E+01 0.202219E+01 0.202177E+01 0.202172E+01 0.202169E+01
 0.202118E+01 0.202085E+01 0.202115E+01 0.201991E+01 0.202061E+01
 0.201982E+01 0.201953E+01 0.201967E+01 0.201916E+01 0.201926E+01
 0.201855E+01 0.201859E+01 0.201857E+01 0.201793E+01 0.201811E+01
 0.201746E+01 0.201692E+01 0.201718E+01 0.201686E+01 0.201661E+01
 0.201639E+01 0.201585E+01 0.201574E+01 0.201575E+01 0.201582E+01
# Radius number    48
 0.202300E+01 0.202284E+01 0.202194E+01 0.202083E+01 0.202039E+01
 0.202069E+01 0.202095E+01 0.202078E+01 0.202087E+01 0.202098E+01
 0.202036E+01 0.201934E+01 0.202050E+01 0.201812E+01 0.202013E+01
 0.201832E+01 0.201786E+01 0.201865E+01 0.201781E+01 0.201847E+01
 0.201692E+01 0.201748E+01 0.201788E+01 0.201654E+01 0.201739E+01
 0.201611E+01 0.201531E+01 0.201606E+01 0.201599E+01 0.201537E+01
 0.201534E+01 0.201445E+01 0.201479E+01 0.201518E+01 0.201520E+01
# Radius number    49
 0.202282E+01 0.202269E+01 0.202138E+01 0.201908E+01 0.201860E+01
 0.201930E+01 0.202002E+01 0.202011E+01 0.202048E+01 0.202083E+01
 0.201995E+01 0.201787E+01 0.202050E+01 0.201602E+01 0.202028E+01
 0.201680E+01 0.201605E+01 0.201789E+01 0.201648E+01 0.201807E+01
 0.201510E+01 0.201645E+01 0.201767E+01 0.201505E+01 0.201708E+01
 0.201467E+01 0.201348E+01 0.201496E+01 0.201540E+01 0.201407E+01
 0.201438E+01 0.201285E+01 0.201399E+01 0.201501E+01 0.201493E+01
# Radius number    50
 0.202328E+01 0.202320E+01 0.202124E+01 0.201736E+01 0.201677E+01
 0.201807E+01 0.201943E+01 0.201978E+01 0.202053E+01 0.202124E+01
 0.201997E+01 0.201649E+01 0.202114E+01 0.201368E+01 0.202104E+01
 0.201530E+01 0.201414E+01 0.201742E+01 0.201524E+01 0.201806E+01
 0.201315E+01 0.201553E+01 0.201796E+01 0.201352E+01 0.201720E+01
 0.201321E+01 0.201151E+01 0.201390E+01 0.201509E+01 0.201274E+01
 0.201356E+01 0.201110E+01 0.201334E+01 0.201523E+01 0.201503E+01
# Single Scat Albedo (omeg):
# Radius number     1
 0.999965E+00 0.999962E+00 0.999968E+00 0.999963E+00 0.999964E+00
 0.999966E+00 0.999967E+00 0.999967E+00 0.999968E+00 0.999966E+00
 0.999969E+00 0.999963E+00 0.999970E+00 0.999933E+00 0.999969E+00
 0.999968E+00 0.999972E+00 0.999971E+00 0.999974E+00 0.999970E+00
 0.999968E+00 0.999979E+00 0.999957E+00 0.999966E+00 0.999983E+00
 0.999983E+00 0.999985E+00 0.999985E+00 0.999983E+00 0.999988E+00
 0.999986E+00 0.999987E+00 0.999985E+00 0.999988E+00 0.999988E+00
# Radius number     2
 0.999960E+00 0.999959E+00 0.999960E+00 0.999960E+00 0.999959E+00
 0.999962E+00 0.999962E+00 0.999964E+00 0.999965E+00 0.999963E+00
 0.999965E+00 0.999960E+00 0.999965E+00 0.999943E+00 0.999966E+00
 0.999967E+00 0.999970E+00 0.999968E+00 0.999972E+00 0.999969E+00
 0.999969E+00 0.999975E+00 0.999960E+00 0.999968E+00 0.999980E+00
 0.999980E+00 0.999983E+00 0.999984E+00 0.999980E+00 0.999985E+00
 0.999983E+00 0.999985E+00 0.999982E+00 0.999987E+00 0.999986E+00
# Radius number     3
 0.999950E+00 0.999950E+00 0.999954E+00 0.999952E+00 0.999955E+00
 0.999955E+00 0.999955E+00 0.999957E+00 0.999960E+00 0.999958E+00
 0.999960E+00 0.999957E+00 0.999961E+00 0.999951E+00 0.999965E+00
 0.999964E+00 0.999965E+00 0.999966E+00 0.999968E+00 0.999968E+00
 0.999968E+00 0.999973E+00 0.999966E+00 0.999968E+00 0.999977E+00
 0.999976E+00 0.999979E+00 0.999981E+00 0.999979E+00 0.999982E+00
 0.999981E+00 0.999982E+00 0.999982E+00 0.999986E+00 0.999987E+00
# Radius number     4
 0.999940E+00 0.999942E+00 0.999945E+00 0.999945E+00 0.999948E+00
 0.999948E+00 0.999950E+00 0.999955E+00 0.999953E+00 0.999953E+00
 0.999954E+00 0.999953E+00 0.999958E+00 0.999955E+00 0.999962E+00
 0.999961E+00 0.999960E+00 0.999965E+00 0.999966E+00 0.999966E+00
 0.999963E+00 0.999970E+00 0.999967E+00 0.999970E+00 0.999974E+00
 0.999976E+00 0.999974E+00 0.999977E+00 0.999975E+00 0.999981E+00
 0.999979E+00 0.999981E+00 0.999981E+00 0.999983E+00 0.999986E+00
# Radius number     5
 0.999934E+00 0.999936E+00 0.999941E+00 0.999939E+00 0.999942E+00
 0.999945E+00 0.999943E+00 0.999948E+00 0.999949E+00 0.999949E+00
 0.999950E+00 0.999948E+00 0.999955E+00 0.999957E+00 0.999961E+00
 0.999956E+00 0.999956E+00 0.999960E+00 0.999964E+00 0.999960E+00
 0.999963E+00 0.999968E+00 0.999966E+00 0.999967E+00 0.999973E+00
 0.999971E+00 0.999974E+00 0.999976E+00 0.999973E+00 0.999979E+00
 0.999978E+00 0.999980E+00 0.999978E+00 0.999983E+00 0.999983E+00
# Radius number     6
 0.999925E+00 0.999926E+00 0.999932E+00 0.999932E+00 0.999939E+00
 0.999940E+00 0.999940E+00 0.999943E+00 0.999940E+00 0.999940E+00
 0.999944E+00 0.999940E+00 0.999950E+00 0.999953E+00 0.999956E+00
 0.999949E+00 0.999949E+00 0.999955E+00 0.999959E+00 0.999955E+00
 0.999960E+00 0.999964E+00 0.999965E+00 0.999964E+00 0.999970E+00
 0.999969E+00 0.999972E+00 0.999973E+00 0.999970E+00 0.999976E+00
 0.999974E+00 0.999976E+00 0.999980E+00 0.999980E+00 0.999981E+00
# Radius number     7
 0.999914E+00 0.999919E+00 0.999927E+00 0.999925E+00 0.999932E+00
 0.999933E+00 0.999934E+00 0.999937E+00 0.999930E+00 0.999934E+00
 0.999938E+00 0.999935E+00 0.999945E+00 0.999953E+00 0.999953E+00
 0.999939E+00 0.999948E+00 0.999952E+00 0.999957E+00 0.999949E+00
 0.999959E+00 0.999962E+00 0.999963E+00 0.999963E+00 0.999965E+00
 0.999968E+00 0.999971E+00 0.999971E+00 0.999967E+00 0.999975E+00
 0.999974E+00 0.999975E+00 0.999978E+00 0.999979E+00 0.999981E+00
# Radius number     8
 0.999909E+00 0.999913E+00 0.999916E+00 0.999919E+00 0.999925E+00
 0.999930E+00 0.999930E+00 0.999929E+00 0.999916E+00 0.999930E+00
 0.999936E+00 0.999928E+00 0.999942E+00 0.999946E+00 0.999948E+00
 0.999932E+00 0.999947E+00 0.999949E+00 0.999951E+00 0.999944E+00
 0.999955E+00 0.999958E+00 0.999960E+00 0.999963E+00 0.999962E+00
 0.999966E+00 0.999968E+00 0.999967E+00 0.999965E+00 0.999974E+00
 0.999971E+00 0.999972E+00 0.999974E+00 0.999976E+00 0.999980E+00
# Radius number     9
 0.999904E+00 0.999906E+00 0.999908E+00 0.999915E+00 0.999919E+00
 0.999923E+00 0.999924E+00 0.999922E+00 0.999905E+00 0.999926E+00
 0.999930E+00 0.999924E+00 0.999934E+00 0.999942E+00 0.999943E+00
 0.999927E+00 0.999945E+00 0.999946E+00 0.999947E+00 0.999940E+00
 0.999951E+00 0.999954E+00 0.999956E+00 0.999958E+00 0.999956E+00
 0.999963E+00 0.999964E+00 0.999965E+00 0.999963E+00 0.999970E+00
 0.999968E+00 0.999966E+00 0.999973E+00 0.999975E+00 0.999976E+00
# Radius number    10
 0.999896E+00 0.999900E+00 0.999896E+00 0.999907E+00 0.999906E+00
 0.999916E+00 0.999917E+00 0.999917E+00 0.999898E+00 0.999923E+00
 0.999925E+00 0.999921E+00 0.999929E+00 0.999938E+00 0.999938E+00
 0.999921E+00 0.999943E+00 0.999943E+00 0.999942E+00 0.999941E+00
 0.999949E+00 0.999949E+00 0.999953E+00 0.999955E+00 0.999951E+00
 0.999961E+00 0.999960E+00 0.999959E+00 0.999960E+00 0.999966E+00
 0.999966E+00 0.999963E+00 0.999969E+00 0.999973E+00 0.999973E+00
# Radius number    11
 0.999888E+00 0.999894E+00 0.999891E+00 0.999899E+00 0.999897E+00
 0.999908E+00 0.999912E+00 0.999908E+00 0.999896E+00 0.999922E+00
 0.999920E+00 0.999915E+00 0.999926E+00 0.999930E+00 0.999932E+00
 0.999924E+00 0.999936E+00 0.999940E+00 0.999936E+00 0.999936E+00
 0.999946E+00 0.999944E+00 0.999947E+00 0.999952E+00 0.999951E+00
 0.999957E+00 0.999957E+00 0.999956E+00 0.999961E+00 0.999964E+00
 0.999964E+00 0.999958E+00 0.999969E+00 0.999969E+00 0.999974E+00
# Radius number    12
 0.999879E+00 0.999884E+00 0.999882E+00 0.999890E+00 0.999884E+00
 0.999901E+00 0.999902E+00 0.999901E+00 0.999895E+00 0.999914E+00
 0.999915E+00 0.999909E+00 0.999919E+00 0.999924E+00 0.999924E+00
 0.999922E+00 0.999931E+00 0.999935E+00 0.999929E+00 0.999933E+00
 0.999940E+00 0.999942E+00 0.999942E+00 0.999948E+00 0.999944E+00
 0.999953E+00 0.999955E+00 0.999953E+00 0.999958E+00 0.999961E+00
 0.999962E+00 0.999955E+00 0.999965E+00 0.999968E+00 0.999966E+00
# Radius number    13
 0.999866E+00 0.999874E+00 0.999874E+00 0.999882E+00 0.999876E+00
 0.999891E+00 0.999894E+00 0.999896E+00 0.999894E+00 0.999908E+00
 0.999907E+00 0.999902E+00 0.999915E+00 0.999919E+00 0.999916E+00
 0.999916E+00 0.999923E+00 0.999932E+00 0.999923E+00 0.999930E+00
 0.999935E+00 0.999936E+00 0.999938E+00 0.999944E+00 0.999941E+00
 0.999946E+00 0.999952E+00 0.999949E+00 0.999954E+00 0.999958E+00
 0.999959E+00 0.999952E+00 0.999963E+00 0.999965E+00 0.999965E+00
# Radius number    14
 0.999857E+00 0.999864E+00 0.999868E+00 0.999869E+00 0.999866E+00
 0.999884E+00 0.999885E+00 0.999885E+00 0.999887E+00 0.999896E+00
 0.999899E+00 0.999894E+00 0.999907E+00 0.999910E+00 0.999910E+00
 0.999911E+00 0.999918E+00 0.999920E+00 0.999919E+00 0.999923E+00
 0.999934E+00 0.999928E+00 0.999933E+00 0.999940E+00 0.999938E+00
 0.999941E+00 0.999949E+00 0.999942E+00 0.999948E+00 0.999951E+00
 0.999956E+00 0.999952E+00 0.999960E+00 0.999961E+00 0.999961E+00
# Radius number    15
 0.999845E+00 0.999854E+00 0.999858E+00 0.999854E+00 0.999854E+00
 0.999874E+00 0.999877E+00 0.999878E+00 0.999881E+00 0.999888E+00
 0.999891E+00 0.999886E+00 0.999898E+00 0.999904E+00 0.999901E+00
 0.999900E+00 0.999910E+00 0.999914E+00 0.999912E+00 0.999918E+00
 0.999924E+00 0.999923E+00 0.999929E+00 0.999932E+00 0.999933E+00
 0.999934E+00 0.999941E+00 0.999937E+00 0.999940E+00 0.999948E+00
 0.999951E+00 0.999950E+00 0.999956E+00 0.999959E+00 0.999958E+00
# Radius number    16
 0.999835E+00 0.999843E+00 0.999845E+00 0.999841E+00 0.999842E+00
 0.999861E+00 0.999866E+00 0.999864E+00 0.999872E+00 0.999878E+00
 0.999881E+00 0.999878E+00 0.999888E+00 0.999895E+00 0.999893E+00
 0.999893E+00 0.999903E+00 0.999904E+00 0.999907E+00 0.999911E+00
 0.999918E+00 0.999917E+00 0.999923E+00 0.999925E+00 0.999926E+00
 0.999928E+00 0.999939E+00 0.999935E+00 0.999936E+00 0.999942E+00
 0.999947E+00 0.999947E+00 0.999953E+00 0.999954E+00 0.999953E+00
# Radius number    17
 0.999823E+00 0.999832E+00 0.999833E+00 0.999830E+00 0.999830E+00
 0.999844E+00 0.999853E+00 0.999848E+00 0.999860E+00 0.999867E+00
 0.999869E+00 0.999871E+00 0.999879E+00 0.999883E+00 0.999882E+00
 0.999885E+00 0.999896E+00 0.999894E+00 0.999901E+00 0.999906E+00
 0.999911E+00 0.999909E+00 0.999915E+00 0.999919E+00 0.999920E+00
 0.999924E+00 0.999932E+00 0.999928E+00 0.999929E+00 0.999934E+00
 0.999941E+00 0.999943E+00 0.999948E+00 0.999949E+00 0.999949E+00
# Radius number    18
 0.999811E+00 0.999818E+00 0.999817E+00 0.999823E+00 0.999813E+00
 0.999831E+00 0.999837E+00 0.999835E+00 0.999848E+00 0.999855E+00
 0.999856E+00 0.999862E+00 0.999868E+00 0.999874E+00 0.999871E+00
 0.999878E+00 0.999888E+00 0.999883E+00 0.999891E+00 0.999897E+00
 0.999903E+00 0.999903E+00 0.999910E+00 0.999908E+00 0.999912E+00
 0.999916E+00 0.999924E+00 0.999924E+00 0.999919E+00 0.999929E+00
 0.999936E+00 0.999937E+00 0.999943E+00 0.999945E+00 0.999944E+00
# Radius number    19
 0.999795E+00 0.999798E+00 0.999802E+00 0.999810E+00 0.999800E+00
 0.999817E+00 0.999823E+00 0.999821E+00 0.999834E+00 0.999845E+00
 0.999843E+00 0.999850E+00 0.999858E+00 0.999860E+00 0.999860E+00
 0.999871E+00 0.999877E+00 0.999870E+00 0.999881E+00 0.999889E+00
 0.999889E+00 0.999895E+00 0.999899E+00 0.999905E+00 0.999906E+00
 0.999909E+00 0.999917E+00 0.999919E+00 0.999913E+00 0.999923E+00
 0.999930E+00 0.999930E+00 0.999937E+00 0.999938E+00 0.999942E+00
# Radius number    20
 0.999775E+00 0.999779E+00 0.999784E+00 0.999795E+00 0.999782E+00
 0.999802E+00 0.999806E+00 0.999805E+00 0.999819E+00 0.999831E+00
 0.999828E+00 0.999838E+00 0.999843E+00 0.999847E+00 0.999848E+00
 0.999859E+00 0.999867E+00 0.999861E+00 0.999872E+00 0.999878E+00
 0.999880E+00 0.999887E+00 0.999890E+00 0.999894E+00 0.999899E+00
 0.999901E+00 0.999907E+00 0.999912E+00 0.999909E+00 0.999919E+00
 0.999925E+00 0.999925E+00 0.999931E+00 0.999933E+00 0.999936E+00
# Radius number    21
 0.999751E+00 0.999757E+00 0.999764E+00 0.999776E+00 0.999765E+00
 0.999785E+00 0.999792E+00 0.999787E+00 0.999804E+00 0.999812E+00
 0.999812E+00 0.999827E+00 0.999829E+00 0.999833E+00 0.999835E+00
 0.999849E+00 0.999854E+00 0.999851E+00 0.999861E+00 0.999864E+00
 0.999867E+00 0.999873E+00 0.999878E+00 0.999888E+00 0.999890E+00
 0.999890E+00 0.999896E+00 0.999902E+00 0.999902E+00 0.999912E+00
 0.999914E+00 0.999915E+00 0.999923E+00 0.999927E+00 0.999930E+00
# Radius number    22
 0.999729E+00 0.999737E+00 0.999742E+00 0.999752E+00 0.999747E+00
 0.999767E+00 0.999772E+00 0.999769E+00 0.999782E+00 0.999794E+00
 0.999793E+00 0.999809E+00 0.999812E+00 0.999816E+00 0.999821E+00
 0.999833E+00 0.999842E+00 0.999839E+00 0.999851E+00 0.999849E+00
 0.999857E+00 0.999861E+00 0.999870E+00 0.999879E+00 0.999882E+00
 0.999880E+00 0.999885E+00 0.999891E+00 0.999898E+00 0.999903E+00
 0.999909E+00 0.999908E+00 0.999917E+00 0.999919E+00 0.999926E+00
# Radius number    23
 0.999704E+00 0.999711E+00 0.999718E+00 0.999733E+00 0.999729E+00
 0.999744E+00 0.999752E+00 0.999748E+00 0.999767E+00 0.999774E+00
 0.999774E+00 0.999792E+00 0.999797E+00 0.999802E+00 0.999804E+00
 0.999817E+00 0.999826E+00 0.999826E+00 0.999836E+00 0.999837E+00
 0.999844E+00 0.999850E+00 0.999857E+00 0.999867E+00 0.999871E+00
 0.999872E+00 0.999877E+00 0.999880E+00 0.999889E+00 0.999894E+00
 0.999901E+00 0.999903E+00 0.999910E+00 0.999911E+00 0.999920E+00
# Radius number    24
 0.999678E+00 0.999686E+00 0.999693E+00 0.999705E+00 0.999710E+00
 0.999721E+00 0.999731E+00 0.999725E+00 0.999745E+00 0.999752E+00
 0.999757E+00 0.999770E+00 0.999773E+00 0.999785E+00 0.999789E+00
 0.999796E+00 0.999807E+00 0.999810E+00 0.999822E+00 0.999823E+00
 0.999831E+00 0.999835E+00 0.999845E+00 0.999854E+00 0.999860E+00
 0.999861E+00 0.999864E+00 0.999870E+00 0.999882E+00 0.999881E+00
 0.999890E+00 0.999897E+00 0.999900E+00 0.999905E+00 0.999910E+00
# Radius number    25
 0.999647E+00 0.999657E+00 0.999667E+00 0.999677E+00 0.999683E+00
 0.999694E+00 0.999705E+00 0.999704E+00 0.999722E+00 0.999730E+00
 0.999734E+00 0.999749E+00 0.999753E+00 0.999763E+00 0.999771E+00
 0.999778E+00 0.999789E+00 0.999793E+00 0.999806E+00 0.999808E+00
 0.999816E+00 0.999818E+00 0.999831E+00 0.999840E+00 0.999846E+00
 0.999851E+00 0.999854E+00 0.999857E+00 0.999871E+00 0.999871E+00
 0.999878E+00 0.999884E+00 0.999889E+00 0.999897E+00 0.999902E+00
# Radius number    26
 0.999615E+00 0.999625E+00 0.999637E+00 0.999648E+00 0.999661E+00
 0.999664E+00 0.999674E+00 0.999679E+00 0.999697E+00 0.999702E+00
 0.999714E+00 0.999723E+00 0.999731E+00 0.999741E+00 0.999751E+00
 0.999757E+00 0.999768E+00 0.999774E+00 0.999786E+00 0.999791E+00
 0.999797E+00 0.999803E+00 0.999815E+00 0.999823E+00 0.999829E+00
 0.999834E+00 0.999841E+00 0.999847E+00 0.999858E+00 0.999858E+00
 0.999866E+00 0.999876E+00 0.999878E+00 0.999887E+00 0.999893E+00
# Radius number    27
 0.999577E+00 0.999590E+00 0.999603E+00 0.999613E+00 0.999631E+00
 0.999634E+00 0.999644E+00 0.999651E+00 0.999670E+00 0.999674E+00
 0.999690E+00 0.999699E+00 0.999707E+00 0.999719E+00 0.999727E+00
 0.999735E+00 0.999745E+00 0.999755E+00 0.999765E+00 0.999773E+00
 0.999777E+00 0.999784E+00 0.999796E+00 0.999806E+00 0.999814E+00
 0.999819E+00 0.999830E+00 0.999833E+00 0.999843E+00 0.999847E+00
 0.999853E+00 0.999863E+00 0.999867E+00 0.999876E+00 0.999880E+00
# Radius number    28
 0.999539E+00 0.999549E+00 0.999569E+00 0.999575E+00 0.999594E+00
 0.999601E+00 0.999611E+00 0.999625E+00 0.999639E+00 0.999645E+00
 0.999659E+00 0.999667E+00 0.999678E+00 0.999693E+00 0.999700E+00
 0.999710E+00 0.999722E+00 0.999734E+00 0.999740E+00 0.999752E+00
 0.999753E+00 0.999764E+00 0.999776E+00 0.999785E+00 0.999797E+00
 0.999801E+00 0.999812E+00 0.999819E+00 0.999826E+00 0.999831E+00
 0.999840E+00 0.999849E+00 0.999855E+00 0.999867E+00 0.999869E+00
# Radius number    29
 0.999495E+00 0.999507E+00 0.999526E+00 0.999536E+00 0.999555E+00
 0.999565E+00 0.999575E+00 0.999589E+00 0.999603E+00 0.999611E+00
 0.999624E+00 0.999633E+00 0.999647E+00 0.999664E+00 0.999674E+00
 0.999682E+00 0.999698E+00 0.999705E+00 0.999720E+00 0.999728E+00
 0.999732E+00 0.999743E+00 0.999752E+00 0.999764E+00 0.999776E+00
 0.999781E+00 0.999791E+00 0.999800E+00 0.999810E+00 0.999817E+00
 0.999824E+00 0.999834E+00 0.999842E+00 0.999851E+00 0.999857E+00
# Radius number    30
 0.999446E+00 0.999460E+00 0.999479E+00 0.999491E+00 0.999514E+00
 0.999521E+00 0.999536E+00 0.999548E+00 0.999564E+00 0.999574E+00
 0.999588E+00 0.999599E+00 0.999617E+00 0.999632E+00 0.999642E+00
 0.999652E+00 0.999667E+00 0.999679E+00 0.999689E+00 0.999703E+00
 0.999706E+00 0.999718E+00 0.999726E+00 0.999741E+00 0.999755E+00
 0.999761E+00 0.999774E+00 0.999780E+00 0.999791E+00 0.999799E+00
 0.999810E+00 0.999817E+00 0.999827E+00 0.999836E+00 0.999840E+00
# Radius number    31
 0.999394E+00 0.999410E+00 0.999426E+00 0.999442E+00 0.999463E+00
 0.999475E+00 0.999489E+00 0.999506E+00 0.999519E+00 0.999533E+00
 0.999545E+00 0.999557E+00 0.999579E+00 0.999595E+00 0.999609E+00
 0.999620E+00 0.999636E+00 0.999647E+00 0.999658E+00 0.999674E+00
 0.999680E+00 0.999693E+00 0.999701E+00 0.999715E+00 0.999730E+00
 0.999740E+00 0.999749E+00 0.999760E+00 0.999769E+00 0.999777E+00
 0.999793E+00 0.999799E+00 0.999811E+00 0.999821E+00 0.999826E+00
# Radius number    32
 0.999337E+00 0.999355E+00 0.999371E+00 0.999390E+00 0.999414E+00
 0.999426E+00 0.999442E+00 0.999459E+00 0.999472E+00 0.999492E+00
 0.999501E+00 0.999515E+00 0.999540E+00 0.999555E+00 0.999572E+00
 0.999582E+00 0.999598E+00 0.999613E+00 0.999624E+00 0.999641E+00
 0.999651E+00 0.999659E+00 0.999671E+00 0.999686E+00 0.999699E+00
 0.999710E+00 0.999728E+00 0.999735E+00 0.999746E+00 0.999757E+00
 0.999771E+00 0.999778E+00 0.999789E+00 0.999802E+00 0.999810E+00
# Radius number    33
 0.999273E+00 0.999292E+00 0.999310E+00 0.999327E+00 0.999355E+00
 0.999367E+00 0.999388E+00 0.999407E+00 0.999423E+00 0.999440E+00
 0.999452E+00 0.999469E+00 0.999494E+00 0.999512E+00 0.999530E+00
 0.999542E+00 0.999556E+00 0.999575E+00 0.999583E+00 0.999606E+00
 0.999618E+00 0.999627E+00 0.999641E+00 0.999657E+00 0.999669E+00
 0.999685E+00 0.999700E+00 0.999709E+00 0.999721E+00 0.999732E+00
 0.999748E+00 0.999759E+00 0.999769E+00 0.999781E+00 0.999790E+00
# Radius number    34
 0.999203E+00 0.999224E+00 0.999241E+00 0.999263E+00 0.999290E+00
 0.999306E+00 0.999331E+00 0.999346E+00 0.999363E+00 0.999383E+00
 0.999398E+00 0.999422E+00 0.999442E+00 0.999465E+00 0.999483E+00
 0.999496E+00 0.999509E+00 0.999532E+00 0.999540E+00 0.999564E+00
 0.999579E+00 0.999591E+00 0.999608E+00 0.999624E+00 0.999636E+00
 0.999652E+00 0.999670E+00 0.999682E+00 0.999695E+00 0.999707E+00
 0.999724E+00 0.999734E+00 0.999745E+00 0.999760E+00 0.999769E+00
# Radius number    35
 0.999125E+00 0.999149E+00 0.999168E+00 0.999188E+00 0.999219E+00
 0.999237E+00 0.999259E+00 0.999284E+00 0.999301E+00 0.999327E+00
 0.999341E+00 0.999366E+00 0.999387E+00 0.999409E+00 0.999431E+00
 0.999447E+00 0.999461E+00 0.999485E+00 0.999493E+00 0.999524E+00
 0.999538E+00 0.999552E+00 0.999569E+00 0.999589E+00 0.999600E+00
 0.999617E+00 0.999638E+00 0.999653E+00 0.999666E+00 0.999677E+00
 0.999694E+00 0.999709E+00 0.999720E+00 0.999739E+00 0.999748E+00
# Radius number    36
 0.999036E+00 0.999062E+00 0.999082E+00 0.999109E+00 0.999139E+00
 0.999162E+00 0.999186E+00 0.999213E+00 0.999231E+00 0.999258E+00
 0.999277E+00 0.999302E+00 0.999325E+00 0.999348E+00 0.999370E+00
 0.999392E+00 0.999412E+00 0.999433E+00 0.999447E+00 0.999474E+00
 0.999490E+00 0.999509E+00 0.999528E+00 0.999545E+00 0.999563E+00
 0.999581E+00 0.999598E+00 0.999617E+00 0.999631E+00 0.999644E+00
 0.999662E+00 0.999679E+00 0.999693E+00 0.999709E+00 0.999723E+00
# Radius number    37
 0.998943E+00 0.998970E+00 0.998994E+00 0.999018E+00 0.999052E+00
 0.999081E+00 0.999107E+00 0.999133E+00 0.999154E+00 0.999184E+00
 0.999205E+00 0.999235E+00 0.999259E+00 0.999285E+00 0.999306E+00
 0.999330E+00 0.999354E+00 0.999377E+00 0.999393E+00 0.999423E+00
 0.999441E+00 0.999456E+00 0.999480E+00 0.999501E+00 0.999518E+00
 0.999537E+00 0.999560E+00 0.999579E+00 0.999596E+00 0.999609E+00
 0.999628E+00 0.999646E+00 0.999661E+00 0.999680E+00 0.999692E+00
# Radius number    38
 0.998838E+00 0.998868E+00 0.998894E+00 0.998922E+00 0.998958E+00
 0.998989E+00 0.999020E+00 0.999048E+00 0.999070E+00 0.999103E+00
 0.999128E+00 0.999158E+00 0.999188E+00 0.999211E+00 0.999236E+00
 0.999263E+00 0.999292E+00 0.999311E+00 0.999335E+00 0.999365E+00
 0.999381E+00 0.999402E+00 0.999425E+00 0.999450E+00 0.999474E+00
 0.999493E+00 0.999520E+00 0.999534E+00 0.999555E+00 0.999571E+00
 0.999590E+00 0.999613E+00 0.999629E+00 0.999649E+00 0.999665E+00
# Radius number    39
 0.998721E+00 0.998752E+00 0.998784E+00 0.998818E+00 0.998852E+00
 0.998888E+00 0.998922E+00 0.998953E+00 0.998979E+00 0.999011E+00
 0.999043E+00 0.999068E+00 0.999105E+00 0.999132E+00 0.999159E+00
 0.999189E+00 0.999220E+00 0.999241E+00 0.999269E+00 0.999301E+00
 0.999319E+00 0.999344E+00 0.999368E+00 0.999391E+00 0.999417E+00
 0.999439E+00 0.999468E+00 0.999489E+00 0.999511E+00 0.999529E+00
 0.999548E+00 0.999571E+00 0.999592E+00 0.999612E+00 0.999629E+00
# Radius number    40
 0.998591E+00 0.998628E+00 0.998663E+00 0.998697E+00 0.998740E+00
 0.998774E+00 0.998810E+00 0.998848E+00 0.998876E+00 0.998913E+00
 0.998947E+00 0.998977E+00 0.999012E+00 0.999044E+00 0.999073E+00
 0.999106E+00 0.999140E+00 0.999168E+00 0.999196E+00 0.999229E+00
 0.999250E+00 0.999278E+00 0.999304E+00 0.999330E+00 0.999360E+00
 0.999383E+00 0.999412E+00 0.999434E+00 0.999458E+00 0.999479E+00
 0.999504E+00 0.999527E+00 0.999551E+00 0.999570E+00 0.999592E+00
# Radius number    41
 0.998449E+00 0.998491E+00 0.998529E+00 0.998569E+00 0.998613E+00
 0.998652E+00 0.998690E+00 0.998728E+00 0.998762E+00 0.998801E+00
 0.998843E+00 0.998872E+00 0.998912E+00 0.998946E+00 0.998981E+00
 0.999015E+00 0.999052E+00 0.999085E+00 0.999113E+00 0.999148E+00
 0.999175E+00 0.999207E+00 0.999234E+00 0.999263E+00 0.999295E+00
 0.999321E+00 0.999350E+00 0.999381E+00 0.999404E+00 0.999428E+00
 0.999452E+00 0.999478E+00 0.999504E+00 0.999525E+00 0.999548E+00
# Radius number    42
 0.998289E+00 0.998340E+00 0.998383E+00 0.998424E+00 0.998473E+00
 0.998517E+00 0.998552E+00 0.998601E+00 0.998639E+00 0.998678E+00
 0.998728E+00 0.998761E+00 0.998802E+00 0.998840E+00 0.998878E+00
 0.998913E+00 0.998953E+00 0.998992E+00 0.999021E+00 0.999062E+00
 0.999092E+00 0.999126E+00 0.999158E+00 0.999192E+00 0.999223E+00
 0.999253E+00 0.999282E+00 0.999315E+00 0.999343E+00 0.999368E+00
 0.999396E+00 0.999429E+00 0.999452E+00 0.999477E+00 0.999502E+00
# Radius number    43
 0.998117E+00 0.998170E+00 0.998217E+00 0.998265E+00 0.998320E+00
 0.998363E+00 0.998408E+00 0.998457E+00 0.998501E+00 0.998545E+00
 0.998597E+00 0.998634E+00 0.998678E+00 0.998721E+00 0.998764E+00
 0.998802E+00 0.998847E+00 0.998890E+00 0.998924E+00 0.998965E+00
 0.999002E+00 0.999036E+00 0.999073E+00 0.999106E+00 0.999143E+00
 0.999179E+00 0.999211E+00 0.999244E+00 0.999278E+00 0.999305E+00
 0.999338E+00 0.999370E+00 0.999398E+00 0.999423E+00 0.999452E+00
# Radius number    44
 0.997928E+00 0.997983E+00 0.998036E+00 0.998092E+00 0.998148E+00
 0.998198E+00 0.998245E+00 0.998299E+00 0.998348E+00 0.998397E+00
 0.998453E+00 0.998496E+00 0.998545E+00 0.998592E+00 0.998635E+00
 0.998681E+00 0.998730E+00 0.998771E+00 0.998811E+00 0.998859E+00
 0.998897E+00 0.998938E+00 0.998980E+00 0.999016E+00 0.999054E+00
 0.999094E+00 0.999129E+00 0.999168E+00 0.999200E+00 0.999235E+00
 0.999268E+00 0.999305E+00 0.999336E+00 0.999365E+00 0.999395E+00
# Radius number    45
 0.997719E+00 0.997780E+00 0.997836E+00 0.997899E+00 0.997957E+00
 0.998015E+00 0.998069E+00 0.998126E+00 0.998180E+00 0.998236E+00
 0.998296E+00 0.998343E+00 0.998396E+00 0.998452E+00 0.998500E+00
 0.998548E+00 0.998599E+00 0.998647E+00 0.998690E+00 0.998741E+00
 0.998786E+00 0.998831E+00 0.998876E+00 0.998915E+00 0.998957E+00
 0.999001E+00 0.999040E+00 0.999081E+00 0.999123E+00 0.999156E+00
 0.999193E+00 0.999232E+00 0.999267E+00 0.999299E+00 0.999335E+00
# Radius number    46
 0.997490E+00 0.997558E+00 0.997620E+00 0.997687E+00 0.997753E+00
 0.997815E+00 0.997878E+00 0.997937E+00 0.997999E+00 0.998059E+00
 0.998123E+00 0.998178E+00 0.998238E+00 0.998294E+00 0.998349E+00
 0.998403E+00 0.998460E+00 0.998510E+00 0.998562E+00 0.998615E+00
 0.998665E+00 0.998712E+00 0.998762E+00 0.998808E+00 0.998853E+00
 0.998900E+00 0.998943E+00 0.998986E+00 0.999033E+00 0.999071E+00
 0.999110E+00 0.999155E+00 0.999194E+00 0.999230E+00 0.999265E+00
# Radius number    47
 0.997252E+00 0.997324E+00 0.997393E+00 0.997464E+00 0.997539E+00
 0.997607E+00 0.997678E+00 0.997742E+00 0.997805E+00 0.997874E+00
 0.997940E+00 0.998005E+00 0.998071E+00 0.998131E+00 0.998191E+00
 0.998250E+00 0.998312E+00 0.998365E+00 0.998421E+00 0.998482E+00
 0.998532E+00 0.998588E+00 0.998643E+00 0.998692E+00 0.998743E+00
 0.998794E+00 0.998842E+00 0.998888E+00 0.998938E+00 0.998982E+00
 0.999026E+00 0.999073E+00 0.999114E+00 0.999155E+00 0.999195E+00
# Radius number    48
 0.997013E+00 0.997094E+00 0.997170E+00 0.997235E+00 0.997323E+00
 0.997398E+00 0.997479E+00 0.997544E+00 0.997609E+00 0.997691E+00
 0.997748E+00 0.997832E+00 0.997906E+00 0.997969E+00 0.998036E+00
 0.998094E+00 0.998164E+00 0.998220E+00 0.998282E+00 0.998350E+00
 0.998405E+00 0.998465E+00 0.998524E+00 0.998579E+00 0.998633E+00
 0.998689E+00 0.998739E+00 0.998792E+00 0.998846E+00 0.998893E+00
 0.998941E+00 0.998992E+00 0.999037E+00 0.999079E+00 0.999126E+00
# Radius number    49
 0.996793E+00 0.996884E+00 0.996964E+00 0.997019E+00 0.997126E+00
 0.997206E+00 0.997297E+00 0.997362E+00 0.997420E+00 0.997522E+00
 0.997567E+00 0.997674E+00 0.997755E+00 0.997819E+00 0.997890E+00
 0.997950E+00 0.998029E+00 0.998085E+00 0.998152E+00 0.998229E+00
 0.998287E+00 0.998355E+00 0.998418E+00 0.998476E+00 0.998528E+00
 0.998592E+00 0.998645E+00 0.998702E+00 0.998761E+00 0.998812E+00
 0.998862E+00 0.998916E+00 0.998966E+00 0.999009E+00 0.999062E+00
# Radius number    50
 0.996613E+00 0.996712E+00 0.996791E+00 0.996830E+00 0.996960E+00
 0.997045E+00 0.997147E+00 0.997206E+00 0.997255E+00 0.997384E+00
 0.997405E+00 0.997543E+00 0.997632E+00 0.997694E+00 0.997769E+00
 0.997827E+00 0.997916E+00 0.997971E+00 0.998041E+00 0.998129E+00
 0.998188E+00 0.998263E+00 0.998329E+00 0.998390E+00 0.998439E+00
 0.998512E+00 0.998566E+00 0.998628E+00 0.998692E+00 0.998744E+00
 0.998797E+00 0.998853E+00 0.998908E+00 0.998948E+00 0.999009E+00
# Assymetry Factor (gfactor):
# Radius number     1
 0.734456E+00 0.690524E+00 0.740930E+00 0.730189E+00 0.730839E+00
 0.739802E+00 0.708105E+00 0.718311E+00 0.723085E+00 0.705182E+00
 0.697647E+00 0.647769E+00 0.693977E+00 0.611398E+00 0.663840E+00
 0.645325E+00 0.665293E+00 0.656173E+00 0.646395E+00 0.653983E+00
 0.664813E+00 0.665333E+00 0.625108E+00 0.697020E+00 0.699954E+00
 0.707621E+00 0.735980E+00 0.705781E+00 0.724046E+00 0.731454E+00
 0.714789E+00 0.722590E+00 0.695340E+00 0.711162E+00 0.680349E+00
# Radius number     2
 0.720978E+00 0.690169E+00 0.724246E+00 0.715709E+00 0.715871E+00
 0.720901E+00 0.698825E+00 0.705641E+00 0.707676E+00 0.695728E+00
 0.690652E+00 0.657592E+00 0.689220E+00 0.635375E+00 0.671577E+00
 0.660405E+00 0.674954E+00 0.670793E+00 0.665681E+00 0.670916E+00
 0.678758E+00 0.680117E+00 0.652267E+00 0.701060E+00 0.703091E+00
 0.708634E+00 0.727505E+00 0.706997E+00 0.719677E+00 0.724412E+00
 0.713553E+00 0.719082E+00 0.702096E+00 0.713372E+00 0.695165E+00
# Radius number     3
 0.705992E+00 0.688203E+00 0.707042E+00 0.701583E+00 0.701668E+00
 0.704014E+00 0.691713E+00 0.695832E+00 0.696764E+00 0.690817E+00
 0.688581E+00 0.671205E+00 0.689512E+00 0.661498E+00 0.682356E+00
 0.677269E+00 0.686265E+00 0.685405E+00 0.683621E+00 0.686969E+00
 0.691751E+00 0.693368E+00 0.677906E+00 0.705369E+00 0.706761E+00
 0.710378E+00 0.720909E+00 0.709877E+00 0.717453E+00 0.720382E+00
 0.715037E+00 0.718761E+00 0.710679E+00 0.717665E+00 0.709363E+00
# Radius number     4
 0.695363E+00 0.687457E+00 0.696128E+00 0.693750E+00 0.694270E+00
 0.695567E+00 0.690581E+00 0.693166E+00 0.694124E+00 0.692352E+00
 0.692174E+00 0.685274E+00 0.694377E+00 0.683183E+00 0.693272E+00
 0.691844E+00 0.696619E+00 0.697337E+00 0.697336E+00 0.699509E+00
 0.702129E+00 0.703740E+00 0.697343E+00 0.710202E+00 0.711377E+00
 0.713711E+00 0.718846E+00 0.714632E+00 0.718711E+00 0.720687E+00
 0.719059E+00 0.721526E+00 0.718967E+00 0.722830E+00 0.720274E+00
# Radius number     5
 0.692717E+00 0.690461E+00 0.694239E+00 0.693907E+00 0.694902E+00
 0.695980E+00 0.694929E+00 0.696750E+00 0.697857E+00 0.698062E+00
 0.698813E+00 0.697009E+00 0.701237E+00 0.698234E+00 0.702626E+00
 0.702861E+00 0.705243E+00 0.706537E+00 0.707294E+00 0.708869E+00
 0.710401E+00 0.711937E+00 0.710401E+00 0.715726E+00 0.716877E+00
 0.718509E+00 0.720987E+00 0.720320E+00 0.722520E+00 0.724001E+00
 0.724151E+00 0.725848E+00 0.725808E+00 0.727926E+00 0.727930E+00
# Radius number     6
 0.696441E+00 0.696548E+00 0.698524E+00 0.699037E+00 0.700236E+00
 0.701252E+00 0.701702E+00 0.703131E+00 0.704239E+00 0.705080E+00
 0.706090E+00 0.706163E+00 0.708381E+00 0.708442E+00 0.710508E+00
 0.711321E+00 0.712674E+00 0.714069E+00 0.715062E+00 0.716338E+00
 0.717443E+00 0.718829E+00 0.719180E+00 0.721459E+00 0.722563E+00
 0.723817E+00 0.725238E+00 0.725881E+00 0.727268E+00 0.728475E+00
 0.729228E+00 0.730543E+00 0.731384E+00 0.732749E+00 0.733648E+00
# Radius number     7
 0.702885E+00 0.703697E+00 0.705109E+00 0.705820E+00 0.707046E+00
 0.708006E+00 0.708859E+00 0.710082E+00 0.711135E+00 0.712087E+00
 0.713113E+00 0.713728E+00 0.715241E+00 0.716141E+00 0.717413E+00
 0.718329E+00 0.719307E+00 0.720576E+00 0.721559E+00 0.722632E+00
 0.723560E+00 0.724756E+00 0.725606E+00 0.726869E+00 0.727880E+00
 0.728948E+00 0.729998E+00 0.730968E+00 0.732074E+00 0.733156E+00
 0.734035E+00 0.735176E+00 0.736250E+00 0.737335E+00 0.738465E+00
# Radius number     8
 0.709872E+00 0.710811E+00 0.712038E+00 0.712759E+00 0.713923E+00
 0.714827E+00 0.715722E+00 0.716800E+00 0.717767E+00 0.718655E+00
 0.719607E+00 0.720326E+00 0.721524E+00 0.722511E+00 0.723493E+00
 0.724340E+00 0.725176E+00 0.726256E+00 0.727152E+00 0.728085E+00
 0.728930E+00 0.729973E+00 0.730897E+00 0.731858E+00 0.732779E+00
 0.733793E+00 0.734702E+00 0.735700E+00 0.736718E+00 0.737742E+00
 0.738591E+00 0.739595E+00 0.740711E+00 0.741663E+00 0.742814E+00
# Radius number     9
 0.716637E+00 0.717538E+00 0.718621E+00 0.719304E+00 0.720335E+00
 0.721154E+00 0.721975E+00 0.722907E+00 0.723768E+00 0.724548E+00
 0.725407E+00 0.726100E+00 0.727097E+00 0.728003E+00 0.728849E+00
 0.729622E+00 0.730394E+00 0.731348E+00 0.732146E+00 0.733006E+00
 0.733824E+00 0.734769E+00 0.735680E+00 0.736547E+00 0.737372E+00
 0.738393E+00 0.739197E+00 0.740156E+00 0.741111E+00 0.742095E+00
 0.742873E+00 0.743729E+00 0.744830E+00 0.745694E+00 0.746810E+00
# Radius number    10
 0.722804E+00 0.723599E+00 0.724535E+00 0.725158E+00 0.726039E+00
 0.726772E+00 0.727508E+00 0.728315E+00 0.729089E+00 0.729800E+00
 0.730588E+00 0.731243E+00 0.732120E+00 0.732946E+00 0.733726E+00
 0.734469E+00 0.735190E+00 0.736092E+00 0.736786E+00 0.737604E+00
 0.738415E+00 0.739280E+00 0.740148E+00 0.740972E+00 0.741668E+00
 0.742704E+00 0.743408E+00 0.744321E+00 0.745196E+00 0.746141E+00
 0.746866E+00 0.747562E+00 0.748641E+00 0.749437E+00 0.750491E+00
# Radius number    11
 0.728263E+00 0.728967E+00 0.729787E+00 0.730367E+00 0.731130E+00
 0.731827E+00 0.732508E+00 0.733230E+00 0.733956E+00 0.734647E+00
 0.735376E+00 0.736000E+00 0.736816E+00 0.737569E+00 0.738301E+00
 0.739032E+00 0.739684E+00 0.740566E+00 0.741126E+00 0.741910E+00
 0.742717E+00 0.743510E+00 0.744308E+00 0.745098E+00 0.745663E+00
 0.746701E+00 0.747318E+00 0.748176E+00 0.748976E+00 0.749875E+00
 0.750563E+00 0.751135E+00 0.752180E+00 0.752919E+00 0.753886E+00
# Radius number    12
 0.733213E+00 0.733866E+00 0.734610E+00 0.735160E+00 0.735848E+00
 0.736542E+00 0.737183E+00 0.737837E+00 0.738521E+00 0.739212E+00
 0.739871E+00 0.740463E+00 0.741236E+00 0.741909E+00 0.742589E+00
 0.743305E+00 0.743863E+00 0.744733E+00 0.745167E+00 0.745916E+00
 0.746718E+00 0.747431E+00 0.748159E+00 0.748922E+00 0.749380E+00
 0.750391E+00 0.750951E+00 0.751742E+00 0.752492E+00 0.753327E+00
 0.753979E+00 0.754478E+00 0.755480E+00 0.756153E+00 0.757017E+00
# Radius number    13
 0.737852E+00 0.738465E+00 0.739142E+00 0.739654E+00 0.740286E+00
 0.740988E+00 0.741583E+00 0.742171E+00 0.742799E+00 0.743480E+00
 0.744061E+00 0.744620E+00 0.745349E+00 0.745942E+00 0.746570E+00
 0.747263E+00 0.747742E+00 0.748583E+00 0.748922E+00 0.749635E+00
 0.750423E+00 0.751061E+00 0.751738E+00 0.752461E+00 0.752847E+00
 0.753804E+00 0.754330E+00 0.755036E+00 0.755767E+00 0.756520E+00
 0.757128E+00 0.757603E+00 0.758546E+00 0.759152E+00 0.759913E+00
# Radius number    14
 0.742204E+00 0.742782E+00 0.743376E+00 0.743844E+00 0.744428E+00
 0.745125E+00 0.745677E+00 0.746201E+00 0.746766E+00 0.747426E+00
 0.747939E+00 0.748466E+00 0.749154E+00 0.749673E+00 0.750248E+00
 0.750914E+00 0.751347E+00 0.752133E+00 0.752420E+00 0.753097E+00
 0.753848E+00 0.754412E+00 0.755070E+00 0.755725E+00 0.756083E+00
 0.756962E+00 0.757465E+00 0.758078E+00 0.758804E+00 0.759473E+00
 0.760026E+00 0.760512E+00 0.761374E+00 0.761930E+00 0.762598E+00
# Radius number    15
 0.746267E+00 0.746801E+00 0.747307E+00 0.747738E+00 0.748278E+00
 0.748954E+00 0.749463E+00 0.749930E+00 0.750436E+00 0.751070E+00
 0.751534E+00 0.752026E+00 0.752666E+00 0.753124E+00 0.753658E+00
 0.754287E+00 0.754707E+00 0.755409E+00 0.755687E+00 0.756311E+00
 0.757006E+00 0.757515E+00 0.758165E+00 0.758741E+00 0.759098E+00
 0.759893E+00 0.760374E+00 0.760893E+00 0.761609E+00 0.762204E+00
 0.762713E+00 0.763211E+00 0.763969E+00 0.764506E+00 0.765097E+00
# Radius number    16
 0.750030E+00 0.750520E+00 0.750944E+00 0.751362E+00 0.751850E+00
 0.752490E+00 0.752960E+00 0.753376E+00 0.753832E+00 0.754448E+00
 0.754884E+00 0.755328E+00 0.755910E+00 0.756325E+00 0.756812E+00
 0.757404E+00 0.757823E+00 0.758441E+00 0.758736E+00 0.759300E+00
 0.759925E+00 0.760382E+00 0.761026E+00 0.761518E+00 0.761900E+00
 0.762608E+00 0.763068E+00 0.763510E+00 0.764185E+00 0.764736E+00
 0.765204E+00 0.765705E+00 0.766347E+00 0.766887E+00 0.767424E+00
# Radius number    17
 0.753504E+00 0.753956E+00 0.754309E+00 0.754736E+00 0.755154E+00
 0.755750E+00 0.756186E+00 0.756562E+00 0.756979E+00 0.757585E+00
 0.758002E+00 0.758381E+00 0.758906E+00 0.759290E+00 0.759741E+00
 0.760286E+00 0.760706E+00 0.761249E+00 0.761570E+00 0.762073E+00
 0.762622E+00 0.763041E+00 0.763653E+00 0.764076E+00 0.764496E+00
 0.765116E+00 0.765563E+00 0.765942E+00 0.766551E+00 0.767078E+00
 0.767520E+00 0.767993E+00 0.768540E+00 0.769082E+00 0.769580E+00
# Radius number    18
 0.756712E+00 0.757123E+00 0.757427E+00 0.757859E+00 0.758220E+00
 0.758760E+00 0.759167E+00 0.759506E+00 0.759899E+00 0.760495E+00
 0.760889E+00 0.761210E+00 0.761681E+00 0.762039E+00 0.762457E+00
 0.762962E+00 0.763374E+00 0.763858E+00 0.764193E+00 0.764644E+00
 0.765129E+00 0.765505E+00 0.766060E+00 0.766439E+00 0.766890E+00
 0.767430E+00 0.767865E+00 0.768199E+00 0.768735E+00 0.769244E+00
 0.769660E+00 0.770091E+00 0.770571E+00 0.771098E+00 0.771564E+00
# Radius number    19
 0.759668E+00 0.760044E+00 0.760322E+00 0.760757E+00 0.761066E+00
 0.761552E+00 0.761932E+00 0.762238E+00 0.762615E+00 0.763184E+00
 0.763548E+00 0.763838E+00 0.764260E+00 0.764590E+00 0.764978E+00
 0.765450E+00 0.765855E+00 0.766281E+00 0.766615E+00 0.767021E+00
 0.767460E+00 0.767794E+00 0.768276E+00 0.768636E+00 0.769090E+00
 0.769562E+00 0.769986E+00 0.770287E+00 0.770757E+00 0.771249E+00
 0.771633E+00 0.772028E+00 0.772460E+00 0.772953E+00 0.773390E+00
# Radius number    20
 0.762404E+00 0.762750E+00 0.763016E+00 0.763442E+00 0.763709E+00
 0.764152E+00 0.764500E+00 0.764775E+00 0.765139E+00 0.765661E+00
 0.765989E+00 0.766284E+00 0.766661E+00 0.766949E+00 0.767307E+00
 0.767769E+00 0.768150E+00 0.768528E+00 0.768848E+00 0.769208E+00
 0.769614E+00 0.769915E+00 0.770333E+00 0.770685E+00 0.771123E+00
 0.771536E+00 0.771936E+00 0.772222E+00 0.772634E+00 0.773097E+00
 0.773448E+00 0.773823E+00 0.774209E+00 0.774658E+00 0.775065E+00
# Radius number    21
 0.764941E+00 0.765257E+00 0.765511E+00 0.765927E+00 0.766165E+00
 0.766573E+00 0.766887E+00 0.767123E+00 0.767471E+00 0.767942E+00
 0.768229E+00 0.768544E+00 0.768891E+00 0.769125E+00 0.769457E+00
 0.769913E+00 0.770263E+00 0.770603E+00 0.770901E+00 0.771221E+00
 0.771595E+00 0.771879E+00 0.772245E+00 0.772589E+00 0.772994E+00
 0.773353E+00 0.773728E+00 0.774009E+00 0.774371E+00 0.774801E+00
 0.775123E+00 0.775488E+00 0.775827E+00 0.776229E+00 0.776608E+00
# Radius number    22
 0.767299E+00 0.767590E+00 0.767823E+00 0.768228E+00 0.768437E+00
 0.768825E+00 0.769109E+00 0.769295E+00 0.769636E+00 0.770046E+00
 0.770304E+00 0.770633E+00 0.770952E+00 0.771149E+00 0.771459E+00
 0.771888E+00 0.772198E+00 0.772512E+00 0.772796E+00 0.773083E+00
 0.773423E+00 0.773696E+00 0.774019E+00 0.774357E+00 0.774728E+00
 0.775028E+00 0.775381E+00 0.775665E+00 0.775979E+00 0.776366E+00
 0.776665E+00 0.777031E+00 0.777327E+00 0.777681E+00 0.778032E+00
# Radius number    23
 0.769488E+00 0.769760E+00 0.769966E+00 0.770345E+00 0.770538E+00
 0.770903E+00 0.771160E+00 0.771315E+00 0.771637E+00 0.771991E+00
 0.772223E+00 0.772548E+00 0.772844E+00 0.773034E+00 0.773327E+00
 0.773699E+00 0.773980E+00 0.774272E+00 0.774550E+00 0.774810E+00
 0.775106E+00 0.775376E+00 0.775666E+00 0.775990E+00 0.776327E+00
 0.776574E+00 0.776899E+00 0.777195E+00 0.777469E+00 0.777815E+00
 0.778079E+00 0.778449E+00 0.778701E+00 0.779034E+00 0.779345E+00
# Radius number    24
 0.771509E+00 0.771760E+00 0.771953E+00 0.772295E+00 0.772484E+00
 0.772808E+00 0.773044E+00 0.773195E+00 0.773500E+00 0.773788E+00
 0.774004E+00 0.774311E+00 0.774583E+00 0.774796E+00 0.775070E+00
 0.775360E+00 0.775616E+00 0.775894E+00 0.776169E+00 0.776415E+00
 0.776658E+00 0.776936E+00 0.777189E+00 0.777495E+00 0.777793E+00
 0.778007E+00 0.778312E+00 0.778611E+00 0.778839E+00 0.779143E+00
 0.779380E+00 0.779760E+00 0.779960E+00 0.780290E+00 0.780549E+00
# Radius number    25
 0.773374E+00 0.773604E+00 0.773797E+00 0.774085E+00 0.774288E+00
 0.774552E+00 0.774770E+00 0.774941E+00 0.775226E+00 0.775444E+00
 0.775654E+00 0.775927E+00 0.776175E+00 0.776429E+00 0.776678E+00
 0.776889E+00 0.777118E+00 0.777393E+00 0.777653E+00 0.777895E+00
 0.778085E+00 0.778373E+00 0.778587E+00 0.778877E+00 0.779146E+00
 0.779325E+00 0.779623E+00 0.779911E+00 0.780091E+00 0.780362E+00
 0.780576E+00 0.780969E+00 0.781108E+00 0.781451E+00 0.781649E+00
# Radius number    26
 0.775095E+00 0.775305E+00 0.775512E+00 0.775737E+00 0.775952E+00
 0.776160E+00 0.776363E+00 0.776563E+00 0.776818E+00 0.776974E+00
 0.777181E+00 0.777417E+00 0.777648E+00 0.777932E+00 0.778155E+00
 0.778305E+00 0.778508E+00 0.778775E+00 0.779023E+00 0.779259E+00
 0.779394E+00 0.779695E+00 0.779869E+00 0.780143E+00 0.780404E+00
 0.780540E+00 0.780844E+00 0.781108E+00 0.781231E+00 0.781482E+00
 0.781691E+00 0.782084E+00 0.782157E+00 0.782519E+00 0.782670E+00
# Radius number    27
 0.776680E+00 0.776870E+00 0.777094E+00 0.777254E+00 0.777487E+00
 0.777651E+00 0.777829E+00 0.778060E+00 0.778282E+00 0.778390E+00
 0.778594E+00 0.778790E+00 0.779009E+00 0.779305E+00 0.779506E+00
 0.779612E+00 0.779803E+00 0.780043E+00 0.780297E+00 0.780518E+00
 0.780605E+00 0.780911E+00 0.781043E+00 0.781301E+00 0.781569E+00
 0.781658E+00 0.781969E+00 0.782205E+00 0.782268E+00 0.782523E+00
 0.782721E+00 0.783101E+00 0.783125E+00 0.783484E+00 0.783619E+00
# Radius number    28
 0.778132E+00 0.778307E+00 0.778539E+00 0.778658E+00 0.778896E+00
 0.779023E+00 0.779183E+00 0.779433E+00 0.779619E+00 0.779698E+00
 0.779889E+00 0.780057E+00 0.780261E+00 0.780557E+00 0.780741E+00
 0.780809E+00 0.781007E+00 0.781207E+00 0.781476E+00 0.781672E+00
 0.781725E+00 0.782024E+00 0.782110E+00 0.782361E+00 0.782642E+00
 0.782689E+00 0.782991E+00 0.783201E+00 0.783224E+00 0.783489E+00
 0.783667E+00 0.784024E+00 0.784024E+00 0.784355E+00 0.784492E+00
# Radius number    29
 0.779471E+00 0.779631E+00 0.779870E+00 0.779967E+00 0.780191E+00
 0.780291E+00 0.780432E+00 0.780690E+00 0.780855E+00 0.780904E+00
 0.781074E+00 0.781238E+00 0.781414E+00 0.781709E+00 0.781875E+00
 0.781919E+00 0.782128E+00 0.782283E+00 0.782562E+00 0.782733E+00
 0.782764E+00 0.783045E+00 0.783095E+00 0.783343E+00 0.783616E+00
 0.783649E+00 0.783922E+00 0.784114E+00 0.784124E+00 0.784388E+00
 0.784536E+00 0.784858E+00 0.784879E+00 0.785148E+00 0.785286E+00
# Radius number    30
 0.780705E+00 0.780851E+00 0.781094E+00 0.781185E+00 0.781391E+00
 0.781454E+00 0.781581E+00 0.781844E+00 0.781987E+00 0.782021E+00
 0.782156E+00 0.782327E+00 0.782486E+00 0.782766E+00 0.782916E+00
 0.782949E+00 0.783154E+00 0.783281E+00 0.783554E+00 0.783703E+00
 0.783719E+00 0.783979E+00 0.784008E+00 0.784250E+00 0.784493E+00
 0.784540E+00 0.784762E+00 0.784944E+00 0.784975E+00 0.785212E+00
 0.785329E+00 0.785621E+00 0.785680E+00 0.785872E+00 0.786012E+00
# Radius number    31
 0.781847E+00 0.781982E+00 0.782222E+00 0.782316E+00 0.782497E+00
 0.782524E+00 0.782651E+00 0.782901E+00 0.783032E+00 0.783054E+00
 0.783151E+00 0.783336E+00 0.783481E+00 0.783736E+00 0.783873E+00
 0.783907E+00 0.784083E+00 0.784210E+00 0.784448E+00 0.784589E+00
 0.784594E+00 0.784834E+00 0.784866E+00 0.785091E+00 0.785288E+00
 0.785360E+00 0.785527E+00 0.785704E+00 0.785779E+00 0.785969E+00
 0.786064E+00 0.786317E+00 0.786420E+00 0.786546E+00 0.786673E+00
# Radius number    32
 0.782906E+00 0.783030E+00 0.783255E+00 0.783342E+00 0.783510E+00
 0.783518E+00 0.783642E+00 0.783866E+00 0.783984E+00 0.784010E+00
 0.784076E+00 0.784252E+00 0.784396E+00 0.784624E+00 0.784749E+00
 0.784781E+00 0.784918E+00 0.785067E+00 0.785256E+00 0.785397E+00
 0.785395E+00 0.785617E+00 0.785675E+00 0.785862E+00 0.786013E+00
 0.786112E+00 0.786230E+00 0.786397E+00 0.786516E+00 0.786653E+00
 0.786743E+00 0.786952E+00 0.787085E+00 0.787167E+00 0.787292E+00
# Radius number    33
 0.783889E+00 0.784003E+00 0.784202E+00 0.784276E+00 0.784439E+00
 0.784445E+00 0.784559E+00 0.784752E+00 0.784857E+00 0.784899E+00
 0.784951E+00 0.785093E+00 0.785235E+00 0.785436E+00 0.785549E+00
 0.785577E+00 0.785678E+00 0.785856E+00 0.785991E+00 0.786132E+00
 0.786136E+00 0.786331E+00 0.786422E+00 0.786562E+00 0.786681E+00
 0.786795E+00 0.786882E+00 0.787032E+00 0.787181E+00 0.787279E+00
 0.787376E+00 0.787536E+00 0.787680E+00 0.787744E+00 0.787870E+00
# Radius number    34
 0.784796E+00 0.784897E+00 0.785070E+00 0.785118E+00 0.785289E+00
 0.785303E+00 0.785395E+00 0.785568E+00 0.785660E+00 0.785722E+00
 0.785778E+00 0.785870E+00 0.785997E+00 0.786180E+00 0.786282E+00
 0.786302E+00 0.786388E+00 0.786577E+00 0.786670E+00 0.786808E+00
 0.786827E+00 0.786980E+00 0.787102E+00 0.787199E+00 0.787301E+00
 0.787427E+00 0.787492E+00 0.787613E+00 0.787776E+00 0.787851E+00
 0.787952E+00 0.788075E+00 0.788221E+00 0.788271E+00 0.788407E+00
# Radius number    35
 0.785625E+00 0.785713E+00 0.785867E+00 0.785888E+00 0.786064E+00
 0.786080E+00 0.786155E+00 0.786312E+00 0.786392E+00 0.786473E+00
 0.786543E+00 0.786588E+00 0.786693E+00 0.786856E+00 0.786945E+00
 0.786968E+00 0.787051E+00 0.787230E+00 0.787297E+00 0.787422E+00
 0.787467E+00 0.787566E+00 0.787712E+00 0.787780E+00 0.787867E+00
 0.787997E+00 0.788049E+00 0.788143E+00 0.788310E+00 0.788371E+00
 0.788476E+00 0.788563E+00 0.788709E+00 0.788753E+00 0.788895E+00
# Radius number    36
 0.786389E+00 0.786466E+00 0.786599E+00 0.786604E+00 0.786775E+00
 0.786792E+00 0.786854E+00 0.786994E+00 0.787063E+00 0.787165E+00
 0.787240E+00 0.787263E+00 0.787343E+00 0.787472E+00 0.787553E+00
 0.787596E+00 0.787679E+00 0.787829E+00 0.787877E+00 0.787988E+00
 0.788054E+00 0.788107E+00 0.788265E+00 0.788319E+00 0.788392E+00
 0.788516E+00 0.788562E+00 0.788639E+00 0.788800E+00 0.788849E+00
 0.788948E+00 0.789018E+00 0.789158E+00 0.789196E+00 0.789335E+00
# Radius number    37
 0.787095E+00 0.787166E+00 0.787268E+00 0.787279E+00 0.787425E+00
 0.787449E+00 0.787506E+00 0.787617E+00 0.787680E+00 0.787800E+00
 0.787872E+00 0.787887E+00 0.787954E+00 0.788042E+00 0.788113E+00
 0.788185E+00 0.788263E+00 0.788374E+00 0.788414E+00 0.788510E+00
 0.788588E+00 0.788613E+00 0.788770E+00 0.788816E+00 0.788871E+00
 0.788993E+00 0.789031E+00 0.789095E+00 0.789247E+00 0.789288E+00
 0.789380E+00 0.789439E+00 0.789572E+00 0.789607E+00 0.789728E+00
# Radius number    38
 0.787757E+00 0.787818E+00 0.787888E+00 0.787910E+00 0.788028E+00
 0.788066E+00 0.788119E+00 0.788192E+00 0.788251E+00 0.788379E+00
 0.788443E+00 0.788461E+00 0.788522E+00 0.788571E+00 0.788633E+00
 0.788730E+00 0.788796E+00 0.788876E+00 0.788908E+00 0.788995E+00
 0.789077E+00 0.789086E+00 0.789234E+00 0.789274E+00 0.789311E+00
 0.789424E+00 0.789464E+00 0.789523E+00 0.789663E+00 0.789691E+00
 0.789779E+00 0.789829E+00 0.789945E+00 0.789984E+00 0.790085E+00
# Radius number    39
 0.788370E+00 0.788426E+00 0.788457E+00 0.788494E+00 0.788585E+00
 0.788642E+00 0.788691E+00 0.788722E+00 0.788773E+00 0.788903E+00
 0.788959E+00 0.788979E+00 0.789043E+00 0.789062E+00 0.789115E+00
 0.789224E+00 0.789278E+00 0.789334E+00 0.789359E+00 0.789442E+00
 0.789515E+00 0.789523E+00 0.789656E+00 0.789686E+00 0.789717E+00
 0.789812E+00 0.789864E+00 0.789912E+00 0.790035E+00 0.790057E+00
 0.790141E+00 0.790187E+00 0.790282E+00 0.790326E+00 0.790411E+00
# Radius number    40
 0.788941E+00 0.788989E+00 0.788987E+00 0.789037E+00 0.789103E+00
 0.789171E+00 0.789218E+00 0.789220E+00 0.789266E+00 0.789384E+00
 0.789440E+00 0.789451E+00 0.789523E+00 0.789522E+00 0.789568E+00
 0.789677E+00 0.789721E+00 0.789758E+00 0.789776E+00 0.789861E+00
 0.789924E+00 0.789932E+00 0.790040E+00 0.790057E+00 0.790094E+00
 0.790168E+00 0.790235E+00 0.790274E+00 0.790375E+00 0.790395E+00
 0.790475E+00 0.790518E+00 0.790593E+00 0.790634E+00 0.790713E+00
# Radius number    41
 0.789471E+00 0.789513E+00 0.789485E+00 0.789537E+00 0.789590E+00
 0.789660E+00 0.789702E+00 0.789687E+00 0.789726E+00 0.789825E+00
 0.789885E+00 0.789890E+00 0.789959E+00 0.789950E+00 0.789992E+00
 0.790087E+00 0.790130E+00 0.790154E+00 0.790163E+00 0.790249E+00
 0.790303E+00 0.790308E+00 0.790391E+00 0.790396E+00 0.790446E+00
 0.790500E+00 0.790573E+00 0.790605E+00 0.790687E+00 0.790705E+00
 0.790783E+00 0.790825E+00 0.790882E+00 0.790914E+00 0.790995E+00
# Radius number    42
 0.789960E+00 0.789993E+00 0.789949E+00 0.790007E+00 0.790040E+00
 0.790099E+00 0.790140E+00 0.790117E+00 0.790155E+00 0.790224E+00
 0.790286E+00 0.790295E+00 0.790353E+00 0.790349E+00 0.790385E+00
 0.790460E+00 0.790505E+00 0.790521E+00 0.790527E+00 0.790600E+00
 0.790648E+00 0.790652E+00 0.790712E+00 0.790709E+00 0.790770E+00
 0.790809E+00 0.790875E+00 0.790912E+00 0.790973E+00 0.790987E+00
 0.791055E+00 0.791100E+00 0.791146E+00 0.791160E+00 0.791249E+00
# Radius number    43
 0.790412E+00 0.790438E+00 0.790388E+00 0.790443E+00 0.790466E+00
 0.790509E+00 0.790543E+00 0.790525E+00 0.790560E+00 0.790596E+00
 0.790656E+00 0.790672E+00 0.790719E+00 0.790718E+00 0.790751E+00
 0.790809E+00 0.790843E+00 0.790862E+00 0.790862E+00 0.790923E+00
 0.790967E+00 0.790970E+00 0.791012E+00 0.791009E+00 0.791070E+00
 0.791097E+00 0.791148E+00 0.791191E+00 0.791237E+00 0.791247E+00
 0.791303E+00 0.791359E+00 0.791390E+00 0.791394E+00 0.791478E+00
# Radius number    44
 0.790831E+00 0.790849E+00 0.790802E+00 0.790849E+00 0.790859E+00
 0.790890E+00 0.790919E+00 0.790901E+00 0.790935E+00 0.790942E+00
 0.791000E+00 0.791023E+00 0.791060E+00 0.791065E+00 0.791090E+00
 0.791132E+00 0.791149E+00 0.791173E+00 0.791174E+00 0.791224E+00
 0.791257E+00 0.791263E+00 0.791296E+00 0.791290E+00 0.791348E+00
 0.791366E+00 0.791399E+00 0.791448E+00 0.791483E+00 0.791491E+00
 0.791533E+00 0.791592E+00 0.791606E+00 0.791608E+00 0.791687E+00
# Radius number    45
 0.791218E+00 0.791230E+00 0.791185E+00 0.791216E+00 0.791220E+00
 0.791248E+00 0.791270E+00 0.791251E+00 0.791279E+00 0.791271E+00
 0.791325E+00 0.791346E+00 0.791379E+00 0.791378E+00 0.791400E+00
 0.791432E+00 0.791426E+00 0.791460E+00 0.791458E+00 0.791504E+00
 0.791519E+00 0.791534E+00 0.791557E+00 0.791553E+00 0.791602E+00
 0.791612E+00 0.791629E+00 0.791682E+00 0.791706E+00 0.791720E+00
 0.791743E+00 0.791802E+00 0.791807E+00 0.791811E+00 0.791879E+00
# Radius number    46
 0.791581E+00 0.791590E+00 0.791540E+00 0.791540E+00 0.791552E+00
 0.791581E+00 0.791598E+00 0.791569E+00 0.791591E+00 0.791584E+00
 0.791631E+00 0.791642E+00 0.791682E+00 0.791660E+00 0.791686E+00
 0.791704E+00 0.791677E+00 0.791725E+00 0.791712E+00 0.791770E+00
 0.791752E+00 0.791786E+00 0.791806E+00 0.791787E+00 0.791837E+00
 0.791835E+00 0.791839E+00 0.791888E+00 0.791912E+00 0.791928E+00
 0.791935E+00 0.791981E+00 0.791989E+00 0.791996E+00 0.792062E+00
# Radius number    47
 0.791923E+00 0.791938E+00 0.791869E+00 0.791804E+00 0.791851E+00
 0.791877E+00 0.791904E+00 0.791848E+00 0.791870E+00 0.791888E+00
 0.791915E+00 0.791915E+00 0.791974E+00 0.791903E+00 0.791960E+00
 0.791941E+00 0.791899E+00 0.791970E+00 0.791928E+00 0.792025E+00
 0.791948E+00 0.792015E+00 0.792047E+00 0.791994E+00 0.792055E+00
 0.792029E+00 0.792014E+00 0.792058E+00 0.792102E+00 0.792109E+00
 0.792107E+00 0.792123E+00 0.792154E+00 0.792171E+00 0.792237E+00
# Radius number    48
 0.792252E+00 0.792288E+00 0.792168E+00 0.791986E+00 0.792110E+00
 0.792126E+00 0.792184E+00 0.792077E+00 0.792102E+00 0.792184E+00
 0.792176E+00 0.792170E+00 0.792266E+00 0.792095E+00 0.792226E+00
 0.792133E+00 0.792072E+00 0.792199E+00 0.792084E+00 0.792274E+00
 0.792088E+00 0.792221E+00 0.792296E+00 0.792163E+00 0.792258E+00
 0.792186E+00 0.792141E+00 0.792180E+00 0.792279E+00 0.792247E+00
 0.792250E+00 0.792216E+00 0.792299E+00 0.792336E+00 0.792412E+00
# Radius number    49
 0.792575E+00 0.792648E+00 0.792435E+00 0.792062E+00 0.792315E+00
 0.792316E+00 0.792429E+00 0.792240E+00 0.792278E+00 0.792470E+00
 0.792408E+00 0.792400E+00 0.792560E+00 0.792230E+00 0.792490E+00
 0.792268E+00 0.792182E+00 0.792408E+00 0.792172E+00 0.792521E+00
 0.792157E+00 0.792400E+00 0.792556E+00 0.792291E+00 0.792452E+00
 0.792295E+00 0.792208E+00 0.792243E+00 0.792440E+00 0.792337E+00
 0.792354E+00 0.792252E+00 0.792420E+00 0.792490E+00 0.792588E+00
# Radius number    50
 0.792879E+00 0.793007E+00 0.792661E+00 0.792035E+00 0.792460E+00
 0.792443E+00 0.792635E+00 0.792335E+00 0.792396E+00 0.792738E+00
 0.792605E+00 0.792599E+00 0.792850E+00 0.792304E+00 0.792746E+00
 0.792346E+00 0.792224E+00 0.792589E+00 0.792191E+00 0.792755E+00
 0.792154E+00 0.792549E+00 0.792821E+00 0.792376E+00 0.792627E+00
 0.792354E+00 0.792215E+00 0.792245E+00 0.792585E+00 0.792377E+00
 0.792417E+00 0.792230E+00 0.792512E+00 0.792629E+00 0.792764E+00
